0100100010229
0100100010233
0100100010286
0100100010290
0100100010303
0100100010322
0100100010337
0100100010341
0100100010356
0100100010360
0100100010375
010010001038A
0100100010407
0100100010411
0100100010426
0100100010430
0100100010445
010010001045A
0100100010464
0100100010483
0100100010498
0100100010500
0100100010515
010010001052A
0100100010534
0100100010549
0100100010553
0100100010568
0100100010572
0100100010587
0100100010591
0100100010604
0100100010619
0100100010623
0100100010638
0100100010642
0100100010657
0100100010676
0100100010680
0100100010695
0100100010708
0100100010712
0100100010727
0100100010731
0100100010746
010010001077A
0100100010784
0100100010799
0100100010801
0100100010816
0100100010820
0100100010835
010010001084A
0100100010854
0100100010869
0100100010873
0100100010888
0100100010892
0100100010905
010010001091A
0100100010939
0100100010962
0100100010977
0100100011299
0100100011301
0100100011316
0100100011320
010010001134A
0100100011354
0100100011373
0100100011392
0100100011405
0100100011439
0100100011458
0100100011462
0100100011477
0100100011509
0100100011528
0100100011547
0100100011551
010010001159A
0100100011636
0100100011674
0100100011689
0100100011693
0100100011710
0100100011744
0100100011956
0100100011960
0100100011975
010010001198A
0100100011994
0100100012009
0100100012013
0100100012028
0100100012032
0100100012047
0100100012051
0100100012066
0100100012070
0100100012085
010010001209A
0100100012102
0100100012117
0100100012121
0100100012136
0100100012140
0100100012155
010010001216A
0100100012174
0100100012189
0100100012193
0100100012206
0100100012210
0100100012225
0100100012259
0100100012263
0100100012278
0100100012282
0100100012297
010010001230A
0100100012314
0100100012329
0100100012333
0100100012348
0100100012352
0100100012367
0100100012371
0100100012386
0100100012390
0100100012403
0100100012422
0100100012456
0100100012460
0100100012475
010010001248A
0100100012494
0100100012507
0100100012511
0100100012526
010010001255A
0100100012564
0100100012579
0100100012583
0100100012598
0100100012600
010010001262A
0100100012634
0100100012649
0100100012668
0100100012672
0100100012687
0100100012691
0100100012704
0100100012719
0100100012723
0100100012761
0100100012780
0100100012795
0100100012808
0100100012812
0100100012831
0100100012846
0100100012850
0100100012865
010010001287A
0100100012884
0100100012920
0100100012935
010010001294A
0100100012954
0100100012969
0100100012973
0100100012988
0100100012992
0100100013011
0100100013045
010010001305A
0100100013064
0100100013079
0100100013083
0100100013098
0100100013115
010010001312A
0100100013149
0100100013153
0100100013168
0100100013172
0100100013187
0100100013191
0100100013204
0100100013219
0100100013223
0100100013238
0100100013242
0100100013257
0100100013261
0100100013276
0100100013280
0100100013295
0100100013308
0100100013312
0100100013327
0100100013331
0100100013346
0100100013350
0100100013365
010010001337A
0100100013399
0100100013401
0100100013454
0100100013492
0100100013505
010010001351A
0100100013524
0100100013539
0100100013543
0100100013562
0100100013577
0100100013581
0100100013596
0100100013609
0100100013613
0100100013670
0100100013685
010010001369A
0100100013702
0100100013717
0100100013721
0100100013736
0100100013740
0100100013755
010010001376A
0100100013774
0100100013789
0100100013793
0100100013806
0100100013810
0100100013825
010010001383A
0100100013844
0100100013859
0100100013863
0100100013878
0100100013882
0100100013897
010010001390A
0100100013914
0100100013971
0100100013986
0100100013990
0100100014005
010010001401A
0100100014024
0100100014039
0100100014043
0100100014058
0100100014062
0100100014077
0100100014081
0100100014096
0100100014109
0100100014113
0100100014128
0100100014132
0100100014147
0100100014151
0100102394185
010010239419A
0100102933666
0100102933929
0100103574166
0100103574170
0100104792742
0100104792757
0100104792899
0100104793416
010010479344A
0100104793933
0100110253948
0100110253952
0100110253967
0100500010020
0100500010158
0100500010177
0100500010228
0100500010247
0100500010251
0100500010355
0100500010374
0100500010482
0100500010497
010050001050A
0100500010514
0100500010529
0100500010533
0100500010548
0100500010552
0100500010567
0100500010571
0100500010586
010050023043A
0100500410302
0100500410317
0100500410389
0100500410393
0100500410406
0100500410463
0100500410478
0100502450590
0100502450603
0100504270444
0100504270459
0100504680618
0101100010013
0101100010028
0101100010032
0101100010051
0101100010066
0101100010070
0101100010117
0101100010121
0101100010140
0101101280136