0200300010425
0200300010444
0200300010459
0200300010463
0200300010478
0200300010482
0200300010497
020030001050A
0200300010514
0200300010529
0200300010548
0200300010552
0200300010567
0200300010942
0200300010957
0200300010961
0200300010976
0200300011071
0200300011086
0200300011090
0200300011103
0200300011118
0200300011122
0200300011137
0200300011279
0200300011283
0200300011298
0200300011423
0200300011438
0200300011442
0200300011457
0200300011480
0200300011527
0200300011599
0200300011616
0200300011620
0200300011635
020030001164A
0200300011654
0200300011673
0200300011692
0200301551315
020030155132A
0200301551334
0200301551349
0200301551353
0200301551368
0200301551372
0200301551387
0200303401495
0200303401508
0200303401512
0200303401550
0200303401565
020030340157A
0200303401584
0200315731391
0200315731419
0200315731546
0200400010032
0200400010051
0200400010117
0200400010121
0200400010136
0200400010189
0200400010193
0200400010206
0200400010210
0200400010386
0200400010390
0200400010418
0200400010422
0200400010437
0200400010441
0200400010456
0200400010460
0200400010475
020040001048A
0200400010511
0200400010530
0200400010579
0200400010583
0200400010598
0200400010600
0200400010687
0200400010742
0200400011064
0200400011083
0200400011191
0200400011276
0200400011312
0200400011327
0200400011346
0200400011350
0200400011399
0200400011401
0200400011416
0200400011420
0200400011435
020040001144A
0200400011454
0200400011469
0200400011473
0200400011488
0200400011492
020040001151A
0200400011539
0200400011543
0200400011562
0200400011577
0200400011581
0200400011596
0200400011613
0200400011628
0200400011632
0200400011647
0200400011666
0200400011670
0200400011685
020040001169A
0200400011702
0200400011717
0200400011736
0200400011755
020040001176A
0200400011774
0200400011789
0200400011806
0200400011810
0200400011825
020040001183A
0200400011844
0200400011859
0200400011878
0200400011882
0200400011897
020040001190A
0200400011914
0200400011929
0200400011948
0200400012039
0200400012043
0200400012062
020040001226A
0200400012289
0200400012293
0200400012306
0200400012310
0200400012325
0200400012378
0200400012414
0200400012448
0200400012452
0200400012467
0200400012471
0200400012490
0200400012503
0200400012518
0200400012522
0200400012541
0200400012556
0200400012772
0200400012838
0200400012857
0200400012861
0200400012876
0200400012880
0200400012895
0200400012908
0200400012912
0200400012927
0200400012931
0200400012946
0200400012950
0200400012965
020040001297A
0200400012984
0200400012999
0200400013003
0200400013018
0200400013022
0200400013037
0200400013041
0200400013056
0200400013060
0200400013075
020040001308A
0200400013094
0200400013107
0200400013111
0200400013126
0200400013130
0200400013145
020040001315A
0200400013164
0200400013179
0200400013183
0200400013198
0200400013200
0200400013215
020040001322A
0200400013234
0200400013249
0200400013253
0200400013268
0200400013272
0200400013287
0200400013291
0200400013304
0200400013319
0200400013323
0200400013338
0200400013342
0200400013357
0200400013361
0200400013376
0200400013380
0200400013395
0200400013412
0200400013427
0200400013431
0200400013446
0200400013450
0200400013465
0200400013484
0200400013499
0200400013501
0200400013516
0200400013520
0200400013535
020040001354A
0200400013554
0200400013569
0200400013592
0200400013605
020040001361A
0200400013624
0200400013639
0200400013643
0200400013662
0200400013677
0200400013681
0200400013696
0200400013709
0200400013713
0200400013728
0200400013732
0200400013747
0200400013751
0200400013766
0200400013770
0200400013785
020040001379A
0200400013817
0200400013821
0200400013836
0200400013840
0200400013855
020040001386A
0200400013874
0200400013889
0200400013893
0200400013906
0200400013910
0200400013925
020040001393A
0200400013944
0200400013963
0200400013978
0200400013997
0200400014001
0200400014016
0200400014020
0200400014035
020040001404A
0200400014054
0200400014069
0200400014073
0200400014088
0200400014092
0200400014105
020040001411A
0200400014124
0200400014158
0200400014162
0200400014177
0200400014196
0200400014213
0200400014251
0200400014266
0200400014270
0200400014285
020040001429A
0200400014302
0200400014317
0200400014340
0200400014355
020040001436A
0200400014374
0200400014389
0200400014393
0200400014410
020040001443A
0200400014444
0200400014459
0200400014463
0200400014497
020040001450A
0200400014514
0200400014529
0200400014548
0200400014567
0200400014571
0200400014586
0200400014590
0200400014603
0200400014618
0200400014622
0200400014637
0200400014641
0200400014656
0200400014660
0200400014675
0200400014726
0200400014730
0200400014745
020040001475A
0200400014764
0200400015071
0200400015086
0200400015090
0200400015103
0200400015160
0200400015175
020040001518A
0200400015194
0200400015226
0200400015230
0200400015245
020040001525A
0200400015264
0200400015279
0200400015283
0200400015298
0200400015300
0200400015315
020040001532A
0200400015334
0200400015368
0200400015372
0200400015387
0200400015419
0200400015423
0200400015438
0200400015442
0200400015457
0200400015476
0200400015495
0200400015508
0200400015512
0200400015527
0200400015531
0200400015546
0200400015550
0200400015565
020040001557A
0200400015599
0200400015601
0200400015616
0200400015635
020040001564A
0200400015654
0200400015669
0200400015673
0200400015688
0200400015692
0200400015705
020040001571A
0200400015724
0200400015743
0200400015758
0200400015777
0200400015781
0200400015796
0200400015809
0200400015832
0200400015847
0200400015851
0200400015866
0200400015870
0200400015885
020040001589A
0200400015902
0200400015917
0200400015921
0200400015936
0200400015940
0200400015955
020040001596A
0200400015974
0200400016281
0200400016296
0200400016309
0200400016313
0200400016328
0200400016332
0200400016347
0200400016351
0200400016366
0200400016370
0200400016385
020040001639A
0200400016402
0200400016417
0200400016421
0200400016436
0200400016440
0200400016455
020040001646A
0200400016474
0200400016489
0200400016493
0200400016506
0200400016525
020040001653A
0200400016544
0200400016559
0200400016563
0200400016578
0200400016582
0200400016597
0200400016614
0200400016629
0200400016633
0200400016648
0200400016652
0200400016667
0200400016686
0200400016690
0200400016703
0200400016718
0200400016722
0200400016775
020040001678A
0200400016794
0200400016807
0200400016811
0200400016864
0200400016900
0200400016915
020040001692A
0200400016934
0200400016949
0200400016953
0200400016968
0200400017010
0200400017025
0200400017044
0200400017059
0200400017063
0200400017078
0200400017082
0200400017097
020040001710A
0200400017114
0200400017129
0200400017133
0200400017148
0200400017152
0200400017167
0200400017171
0200400017190
0200400017203
0200400017218
0200400017222
0200400017237
020040001728A
0200400017294
0200400017307
0200400017311
0200400017326
020040001735A
0200400017364
0200400017383
0200400017398
0200400017400
0200400017415
020040001742A
0200400017434
0200400017449
0200400017453
0200400017468
020040001767A
0200400017684
0200400017699
0200400017701
0200400017788
0200400017824
0200400017862
0200400017877
0200400017913
0200400017928
0200400017932
0200400017947
0200400017951
0200400017966
0200400017970
0200400017985
0200401872611
0200401875118
0200401875461
0200401875813
0200401875828
0200401875989
0200401876188
0200401876192
0200401876205
020040187621A
0200401876224
0200401876262
0200401876277
0200401876737
0200401876741
0200401876826
020040187703A
0200401877186
0200401877487
0200401877504
0200401877519
0200401877523
0200401877754
0200402832679
0200402832683
0200402832698
0200402835993
0200402836120
0200402836135
0200402836760
0200402836879
0200402836883
0200402837858
0200402837896
020040283799A
0200402838004
0200402838019
0200403818220
0200403818235
020040381824A
0200403818254
0200403818269
0200403818273
0200403818288
0200403818292
0200403818305
020040381831A
0200403818324
0200403818339
0200403818343
0200407236008
0200407236012
0200407236027
0200407236031
0200407236046
0200407236239
020040723685A
0200407237612
0200410536050
0200410536065
020041053607A
0200410536084
0200410536099
0200410536243
0200410536258
0200414218076
0200414218080
0200415996101
020041599614A
0200415996154
0200415996169
0200415996173
0200415996830
0200415997472
0200415997538
0200415997542
0200415997557
0200415997561
0200415997769
0200415997773
0200415997881
0200416157241
0200416157256
0200416157260
0200416157275
0200416166116
0200416246972
0200416246987
0200416246991
0200416247006
0200416247627
0200416247631
0200416247646
0200416247650
0200416247665
0200416247805
020041624781A
0200416247909
0200417818131
0200417818146
0200417818150
0200417818165
020041781817A
0200417818184
0200418568095
0200418568108
0200418568112
0200418568127
0200418818023
0200418838038
0200418838042
0200418838057
0200418838061
0200419038199
0200419038201
0200419038216
0200500010082
0200500010097
020050001010A
0200500010114
0200500010129
0200500010133
0200500010148
0200500010167
0200500010171
0200500010186
0200500010190
0200500010218
0200500010222
0200500010237
0200500010241
0200500010256
0200500010260
0200500010275
020050001028A
0200500010294
0200500010307
0200500010311
0200500010326
0200500010330
0200500010345
020050001035A
0200500010364
0200500010379
0200500010383
0200500010400
0200500010415
020050001042A
0200500010434
0200500010449
0200500010453
0200500010468
0200500010472
0200500010538
0200500010542
0200500010970
0200500010985
020050001099A
0200500011004
0200500011019
0200500011023
0200500011038
0200500011042
0200500011057
0200500011061
0200500011076
0200500011080
0200500011095
0200500011131
0200500011146
0200500011165
0200500880557
0200500880561
0200500880928
0200500880932
0200500881127
0200500890491
0200500890504
0200500890523
0200500890947
0200500890951
0200500890966
0200500891108
0200100010435
020010001044A
0200100010454
0200100010488
0200100010492
0200100010505
0200100010524
0200100010543
0200100010558
0200100010562
0200100010577
0200100010581
0200100010613
0200100010628
0200100010647
0200100010651
0200100010666
0200100010670
0200100010685
020010001069A
0200100010717
0200100010721
0200100010736
0200100010740
0200100010755
020010001076A
0200100010789
0200100010793
0200100010825
020010001083A
0200100010844
0200100010859
0200100010863
0200100010882
0200100010929
0200100011005
020010001101A
0200100011024
0200100011039
0200100011043
0200100011058
0200100011062
0200100011077
0200100011081
0200100011221
0200100011236
0200100011240
0200100011255
0200100011293
0200100011306
0200100011310
0200100011397
020010001140A
0200100011414
0200100011452
0200100011467
0200100011471
0200100011486
0200100011490
0200100011503
0200100011518
0200100011522
0200100011537
0200100011541
0200100011556
0200100011575
020010001158A
0200100011594
0200100011607
0200100011611
0200100011876
0200100011908
0200100015968
0200100015987
0200100015991
0200100016006
0200100016010
0200100016025
0200100016148
0200100017377
0200100017432
0200100017447
0200100017451
020010001749A
0200100017502
0200100017625
0200100017644
0200100017659
0200100017663
0200100017678
0200100017682
0200100017697
020010001770A
0200100017714
0200100017729
0200100017733
0200100017748
0200100017752
0200100017767
0200100017771
0200100017786
0200100017790
0200100017818
0200100017822
0200100017837
0200100017841
0200100017856
0200100017860
0200100017875
020010001788A
0200100017894
0200100017907
0200100017911
0200100017926
0200100017930
0200100017945
020010001795A
0200100017964
0200100017979
0200100017998
0200100018002
0200100018017
0200100018021
0200100018036
0200100018040
0200100018055
020010001806A
0200100018074
0200100018089
0200100018093
0200100018106
0200100018110
020010001838A
0200100018394
0200100018407
0200100018426
0200100018430
0200100018445
020010001845A
0200100018464
0200100018479
0200100018568
0200100018572
0200100018587
0200100018680
0200100018695
0200100018708
0200100018712
0200100018727
0200100018731
0200100018746
0200100019551
0200100019566
0200100019585
020010001959A
0200100019602
0200100019617
0200100019621
0200100019636
0200100019640
0200100019655
020010001966A
0200100019674
0200100019689
0200100019693
0200100019706
0200100019710
0200100019725
020010001973A
0200100019744
0200100019759
0200100019763
0200100019778
0200100019797
020010001980A
0200100019814
0200100019829
0200100019833
0200100019848
0200100019852
0200100019867
0200100019871
0200100019886
0200100019890
0200100019903
020010060119A
0200100601630
0200100607305
020010060731A
0200100607610
0200100608638
0200100608661
0200100608676
0200100608750
0200100608996
0200100609462
0200100609547
0200101146186
0200101147343
0200101331217
0200101331700
0200101337269
0200101337273
0200101337381
0200101338318
0200101338322
0200101338337
0200101338411
0200101338515
0200101338642
0200101338958
0200101338962
0200101338977
0200101338981
0200101391096
0200101391109
0200101391113
0200101391128
0200101391325
020010139133A
0200101391344
0200101391359
0200101391363
0200101391378
0200101391382
020010139165A
0200101391664
0200101391679
0200101391683
0200101391768
020010139603A
0200101396044
0200101396059
0200101396063
0200101397517
0200101397521
0200101397536
0200101397540
0200101397555
020010139813A
0200101398144
0200101398159
0200101398163
0200101398765
020010139877A
0200101399918
0200101861838
0200101861842
0200101861857
0200101869956
0200101869960
0200101869975
0200101901946
0200101901950
0200101901965
020010190197A
0200102431819
0200102438178
0200102438182
0200102438197
020010243820A
0200102470308
0200102471147
0200102477324
0200102477409
0200102477466
0200102477470
0200102477485
0200102681274
0200102681715
0200102687235
0200102687396
0200102688290
0200102688303
0200102688657
0200102688892
0200102688905
020010268891A
0200102688924
0200102688939
0200102688943
0200107831984
0200107831999
0200108578214
0200108578229
0200108578271
0200108578286
0200109351823
0200109358591
0200109358604
0200109358619
0200109358623
0200111071151
0200111071166
0200111071429
020011107172A
0200111071734
020011107852A
0200111078534
0200111078549
0200111079477
0200111079481
0200111079496
0200111079509
0200111079513
0200115611170
020011561126A
0200115619937
0200115619941
0200116991927
0200116991931
0200121831132
0200121831289
0200121831698
0200121831772
0200121831787
0200121831791
0200121831804
0200121838500
0200121838784
0200121839782
0200123788820
0200123788835
020012378884A
0200133701753
0200133708801
0200133708816
0200133709528
0200200010042
0200200010057
0200200010095
0200200010108
0200200010165
020020001017A
0200200010184
0200200010269
0200200010273
0200200010288
0200200010292
0200200010305
020020001031A
0200200010324
0200200010339
0200200010362
0200200010377
0200200010381
0200200010409
0200200010413
0200200010432
0200200010451
0200200010517
0200200010521
0200200010540
0200200010555
0200200010574
0200200010610
020020001063A
0200200010659
0200200010663
0200200012246
0200200012284
0200200012299
0200200012320
0200200012388
0200200012392
020020001241A
0200200012424
0200200012439
0200200012443
0200200012462
0200200012496
0200200012513
0200200012532
0200200012725
020020001273A
0200200012744
0200200012759
0200200012763
0200200012778
0200200012782
0200200012797
020020001280A
0200200012814
0200200012829
0200200012833
0200200012848
0200200012852
0200200012867
0200200012871
0200200012886
0200200012918
020020001298A
0200200012994
0200200013009
0200200013140
0200200013155
020020001316A
0200200013174
0200200013189
0200200013225
0200200013812
0200200013827
0200200013846
0200200013850
020020001387A
0200200013884
0200200013935
0200200013969
0200200014083
0200200014168
0200200014172
0200200014191
0200200014204
0200200014219
0200200014223
0200200014238
0200200014242
0200200014257
0200200014261
0200200014276
0200200014280
0200200014295
0200200014308
0200200014312
0200200014327
0200200014331
0200200014346
0200200014350
0200200014365
020020001437A
0200200014384
0200200014399
0200200014401
0200200014416
0200200014420
0200200014435
020020001444A
0200200014454
0200200014469
0200200014473
0200200014488
0200200014492
0200200014505
020020001451A
0200200014524
0200200014539
0200200014543
0200200014558
0200200014562
0200200014577
0200200014581
0200200014596
0200200014609
0200200014613
0200200014628
0200200014632
0200200014647
0200200014651
0200200014666
0200200014670
0200200014685
020020001469A
0200200014702
0200200014717
0200200014721
0200200014736
0200200014740
0200200014755
020020001476A
0200200014774
0200200014789
0200200014793
0200200014806
0200200014810
0200200014825
020020001483A
0200200014844
0200200014859
0200200014863
0200200014878
0200200014882
0200200014897
020020001490A
0200200014914
0200200014929
0200200014933
0200200014948
0200200014952
0200200014967
0200200014971
0200200014986
0200200014990
0200200015005
020020001501A
0200200015024
0200200015289
0200200015293
0200200015310
0200200015325
020020001533A
0200200015490
0200200015518
0200200015522
0200200015537
0200200015541
0200200015556
0200200015560
0200200015575
0200200015594
0200200015607
020020001565A
0200200015664
0200200015679
0200200015683
0200200015698
0200200015749
0200200015753
0200200015768
0200200015772
0200200015787
0200200015791
0200200015804
0200200015838
0200200015842
0200200015857
0200200015861
0200200015876
0200200015880
0200200015931
0200200015946
0200200015950
0200200015965
020020001597A
0200200015984
0200200015999
0200200016003
0200200016018
0200200016022
0200200016037
0200200016041
0200200016056
0200200016060
0200200016075
020020001608A
0200200016094
0200200016107
0200200016111
0200200016126
0200200016145
020020001615A
0200200016164
0200200016179
0200200016183
0200200016198
0200200016200
0200200016215
0200200016450
0200200016465
020020001647A
0200200016484
0200200016499
0200200016516
0200200016520
0200200016535
020020001654A
0200200016554
0200200016569
0200200016588
0200200016592
0200200016605
020020001661A
0200200016624
0200200016639
0200200016643
0200200016658
0200200016662
0200200016677
0200200016681
0200200016696
0200200016728
0200200016732
0200200016747
0200200016751
0200200016766
0200200016770
020020001679A
0200200016840
0200200016855
0200200016893
0200200016906
0200200016910
0200200016925
0200200016944
0200200016959
0200200016963
0200200016978
0200200016982
0200200016997
0200200017001
0200200017016
0200200017020
0200200017035
020020001704A
0200200017054
0200200017069
0200200017073
0200200017088
0200200017092
0200200017105
020020001711A
0200200017124
0200200017196
0200200017213
0200200017228
0200200017232
0200200017247
0200200017251
0200200017266
0200200017270
0200200017285
0200200017302
0200200017317
0200200017321
0200200017336
0200200017340
0200200017355
0200200017389
0200200017406
0200200017410
0200200017425
020020001743A
0200200017567
0200200017571
0200200017586
0200200017590
0200200017603
0200200017641
0200200017656
0200200017675
020020001768A
0200200017694
0200200017707
0200200017711
0200200017726
0200200017764
0200200017779
0200200017853
0200201102585
0200201102706
0200201102710
0200201105039
0200201105043
0200201114011
0200201114026
0200201114079
0200201116249
0200201116889
0200201117800
0200201595081
0200201595096
0200201595109
0200201596709
0200201596713
0200201597834
0200201852602
0200201852960
0200201852975
0200201853117
0200201853121
0200201854098
0200201855363
0200201855378
0200201855819
0200201856253
0200201856268
0200201856821
0200201925058
0200201925062
0200201927533
0200202255306
0200202277868
0200202277872
0200202315202
0200202315217
0200202315221
0200202315236
0200202316408
0200202316412
0200202316427
0200202316817
0200202317552
0200202317618
0200202317622
0200202375448
0200202375452
0200202376431
0200202377209
0200202603070
0200202603085
020020260309A
0200202605344
0200202605359
0200202605486
0200202605611
0200202606287
0200202606291
0200202606304
0200202606319
0200202606836
0200202607162
0200202607177
0200202607181
0200202607637
0200202623329
0200202625700
0200202625715
020020262736A
0200202627374
0200202627783
0200202627798
0200202688048
0200202688052
0200202843028
0200202843032
0200202843047
0200202844030
0200202845240
0200202845255
020020284526A
0200202845274
0200202845397
020020284540A
0200202845414
0200202845734
0200202845895
0200202845908
0200202845912
0200202846446
0200202894149
0200202895113
0200202895128
0200202895132
0200202895151
0200202895166
0200202895170
0200202895467
0200202895471
020020289558A
0200202895823
0200202896323
0200202896338
0200202896342
0200202896357
0200202896361
0200202896376
0200202896380
0200202896395
0200202896573
0200202896785
020020289686A
0200202897139
0200202897143
0200202897158
0200202897529
0200204562674
0200204562689
0200204565382
0200204566272
0200204566874
0200204594100
0200204594115
020020459622A
0200204612937
0200204612941
0200204613973
0200204615185
020020461519A
020020461572A
0200247057923