0900200010010
0900200010025
090020001003A
0900200010044
0900200010097
090020001010A
0900200010114
0900200010129
0900200010133
0900200010148
0900200010167
0900200010171
0900200010186
0900200010190
0900200010203
0900200010218
0900200010222
0900200010237
0900200010256
0900200010260
0900200010275
090020001028A
0900200010294
0900200010307
0900200010311
0900200010326
0900200010330
0900200010345
090020001035A
0900200010364
0900200010379
0900200010383
0900200010398
0900200010400
0900200010415
0900200010434
0900200010449
0900200010468
0900200010472
0900200010487
0900200010491
0900200010504
0900200010519
0900200010542
0900200010557
0900200010561
0900200010576
0900200010580
0900200010595
0900200010608
0900200010612
0900200010627
0900200010631
0900200010650
0900200010665
090020001067A
0900200010684
0900200010699
0900200010701
0900200010716
0900200010720
090020001074A
0900200010754
0900200010769
0900200010773
0900200010788
0900200010792
0900200010805
090020001081A
0900200010824
0900200010839
0900200010843
0900200010858
0900200010877
0900200010881
0900200010896
0900200010909
0900200010913
0900200010928
0900200010932
0900200010947
0900200010966
0900200010970
0900200010985
090020001099A
0900200011004
0900200011019
0900200011023
0900200011038
0900200011042
0900200011057
0900200011061
0900200011080
0900200011095
0900200011112
0900200011127
0900200011131
0900200011146
0900200011150
0900200011165
090020001117A
0900200011184
0900300010018
0900300010022
0900300010037
0900300010041
0900300010056
0900300010060
0900300010075
090030001008A
0900300010094
0900300010107
0900300010111
0900300010126
0900300010130
0900300010145
090030001015A
0900300010164
0900300010179
0900300010183
0900300010198
0900300010200
0900300010215
090030001022A
0900300010234
0900300010249
0900300010268
0900300010272
0900300010287
0900300010291
0900300010304
0900300010319
0900300010323
0900300010342
0900300010357
0900300010361
0900300010376
0900300010380
0900300010395
0900300010408
0900300010412
0900300010427
0900300010431
0900300010446
0900300010450
0900300010465
0900300010484
0900300010499
0900300010501
0900300010516
0900300010520
0900300010535
090030001054A
0900300010554
0900300010573
0900300010588
0900300010605
090030001061A
0900300010624
0900300010639
0900300010643
0900300010658
0900300010662
0900300010677
0900300010681
0900300010696
0900300010709
0900300010713
0900300010728
0900300010770
0900300010785
090030001079A
0900300010802
0900300010817
0900300010821
0900300010836
0900300010840
0900300010855
090030001086A
0900300010889
0900300010893
0900300010906
090030001093A
0900300010959
0900300010963
0900300010978
0900300010982
0900300010997
0900300011001
0900300011016
0900300011020
0900300011069
0900300011073
0900300011092
0900300011105
0900300011124
0900300011139
0900300011143
0900300011158
0900300011162
0900300011181
0900300011213
0900300011228
0900300011232
0900300011247
0900300011251
0900300011266
0900300011270
0900300011285
090030001129A
0900300011302
0900300011317
0900300011321
0900300011336
0900300011340
0900300011355
090030001136A
0900300011374
0900300011389
0900300011393
0900300011406
0900300011410
0900300011425
090030001143A
0900300011444
0900300011459
0900300011463
0900300011478
0900300011482
0900300011497
090030001150A
0900300011514
0900300011529
0900300011548
0900300011552
0900300011567
0900300011571
0900300011586
0900300011590
0900300011618
0900300011622
0900300011637
0900300011641
0900300011656
0900300011660
0900300011675
090030001168A
0900300011694
0900300011707
0900300011726
0900300011730
0900300011745
090030001175A
0900300011764
0900300011779
0900300011783
0900300011798
090040001002A
0900400010049
0900400010053
0900400010072
0900400010091
0900400010104
0900400010119
0900400010123
0900400010138
0900400010176
0900400010180
0900400010195
0900400010208
0900400010212
0900400010227
0900400010231
0900400010250
090040001027A
0900400010299
0900400010301
0900400010320
090040001034A
0900400010354
0900400010369
0900400010373
0900400010392
0900400010405
090040001041A
0900400200246
0900400200316
0900400200388
0900500010012
0900500010027
0900500010050
0900500010084
0900500010099
0900500010101
0900500010135
090050001014A
0900500010169
0900500010173
0900500010188
0900500010192
0900500010205
0900500010224
0900500010243
0900500010258
0900500010262
0900500010277
0900500010281
0900500010296
0900500010309
0900500010313
0900500010328
0900500010332
0900500010351
0900500010366
0900500010370
0900500010385
090050001039A
0900500010402
0900500010417
0900500010421
0900500010436
0900500010440
0900500010455
0900500010474
0900500010489
0900500010493
0900500010506
0900500010510
0900500010525
0900500010559
0900500010563
0900500010582
0900500010597
090050001060A
0900500010614
0900500010629
0900500010633
0900500010667
0900500010671
0900500010703
0900500010722
0900500010737
0900500010741
0900500010756
0900500010760
0900500010775
090050001078A
0900500010794
0900500010807
0900500010811
0900500010826
0900500010830
0900500010845
090050001085A
0900500010864
0900500010879
0900500010883
0900500010898
0900500010900
0900500010915
090050001092A
0900500010934
0900500010949
0900500010953
0900500010968
0900500010972
0900500010987
0900500010991
0900500011006
0900500011025
090050001103A
0900500011044
0900500011059
0900500011063
0900500011082
0900500011097
090050001110A
0900500011114
0900500011129
0900500011133
0900500011148
0900500011152
0900500011167
0900500011171
0900500011186
0900500011190
0900500011203
0900500011218
0900500011222
0900500011237
0900500011241
0900500011256
0900500011260
0900500011275
090050001128A
0900500011294
0900500011307
0900500011311
0900500011326
0900500011330
0900500011345
090050001135A
0900500011364
0900500011379
0900500011383
0900500011398
0900500011400
0900500011415
090050001142A
0900500011434
0900500011449
0900500011453
0900500011468
0900500011472
0900500011487
0900500011504
0900500011523
0900500011538
0900500011542
0900500011557
0900500011561
0900500011576
0900500011580
0900500011595
0900500011608
0900500011612
0900500011627
0900500011631
0900500011646
0900500011650
0900500011665
090050001167A
0900500011684
0900500011699
0900500011701
0900500011716
0900500011720
0900500011735
090050001174A
0900500011754
0900500011769
0900500011773
0900500011788
0900500011792
0900500011805
090050001181A
0900500011824
0900500011839
0900500011843
0900500011858
0900500011862
0900500011877
0900500011881
0900500011896
0900500011909
0900500011913
0900500011932
0900500011951
0900500011970
0900500011985
090050001199A
0900500012004
0900500012019
0900500012023
0900500012038
0900500012042
0900500012057
0900500012061
0900500012076
0900500012080
0900500012095
0900500012108
0900500012112
0900500012127
0900500012131
0900500012146
0900500012150
0900500012165
090050001217A
0900500012184
0900500012199
0900500012201
0900500012216
0900500012220
0900500012235
090050001224A
0900500012254
0900500012269
0900500012273
0900500012288
0900500012292
0900500012305
090050001231A
0900500012324
0900500012339
0900500012343
0900500012358
0900500012362
0900500012377
0900500012381
0900500012396
0900500012409
0900500012428
0900500012432
0900500012447
0900500012451
0900500012466
0900500012470
0900500012485
0900500012536
0900500012574
0900500012593
0900500012606
0900500012610
0900500012625
090050001263A
0900500012644
0900500012659
0900500012663
0900500012678
0900500012682
0900500012697
090050001270A
0900500012714
0900500012729
0900500012733
0900500012748
0900500012752
0900500012767
0900500012771
0900500012786
0900500012790
0900500012803
0900500012822
0900500012837
0900500012841
0900500012856
0900500012860
0900500012875
090050001288A
0900500012894
0900500012907
0900500012930
0900500012945
090050001295A
0900500012964
0900500012979
0900500012983
0900500012998
0900500013017
0900500013055
090050001306A
0900500013074
0900500013089
0900500013093
0900500013110
0900500013125
090050001313A
0900500013144
0900500013159
0900500013163
0900500013178
0900500013182
0900500013197
090050001320A
0900500013214
0900500013229
0900500013233
0900500013248
0900500013252
0900500013267
0900500013271
0900500013286
0900500013290
0900500013303
0900500013318
0900500013322
0900500013337
0900500013341
0900500013356
0900500013360
0900500013375
090050001338A
0900500013394
0900500013407
0900500013411
0900500013426
0900500013430
0900500013445
090060001001A
0900600010024
0900600010039
0900600010043
0900600010058
0900600010077
0900600010081
0900600010096
0900600010109
0900600010128
0900600010132
0900600010166
0900600010170
0900600010185
090060001019A
0900600010202
0900600010217
0900600010221
0900600010236
0900600010240
0900600010255
090060001026A
0900600010274
0900600010289
0900600010293
0900600010310
0900600010325
090060001033A
0900600010344
0900600010359
0900600010363
0900600010378
0900600010382
0900600010397
0900600010414
0900600010429
0900600010433
0900600010448
0900600010452
0900600010467
0900600010471
0900600010486
0900600010490
0900600010503
0900600010518
0900600010522
0900600010537
0900600010541
0900600010556
0900600010575
090060001058A
0900600010594
0900600010607
0900600010611
0900600010626
0900600010630
0900600010645
090060001065A
0900600010664
0900600010679
0900600010683
0900600010698
0900600010700
0900600010715
090060001072A
0900600010734
0900600010749
0900600010753
0900600010768
0900600010772
0900600010787
0900600010791
0900600010804
0900600010823
0900600010838
0900600010842
0900600010876
0900600010880
0900600010895
0900600010908
0900600010927
0900600010931
0900600010946
0900600010950
0900600010965
090060001097A
0900600010984
0900600010999
0900600011003
0900600011018
0900600011022
0900600011037
0900600011041
0900600011056
0900600011060
0900600011075
090060001108A
0900600011094
0900600011107
0900600011111
0900600011126
0900600011130
090060001115A
0900600011164
0900600011179
0900600011183
0900600011198
0900600011200
0900700010017
0900700010021
0900700010036
0900700010040
0900700010055
090070001006A
0900700010074
0900700010089
0900700010093
0900700010106
0900700010110
090070001013A
0900700010144
0900700010178
0900700010182
0900700010197
0900700010214
0900700010233
0900700010248
0900700010252
0900700010271
0900700010286
0900700010290
0900700010303
0900700010318
0900700010322
0900700010337
0900700010356
0900700010360
0900700010375
090070001038A
0900700010407
0900700010411
0900700010426
0900700010445
0900700010464
0900700010479
0900700010483
0900700010498
0900700010500
0900700010515
0900700010534
0900700010553
0900700010568
0900700010572
0900700010587
0900700010591
0900700010604
0900700010619
0900700010623
0900700010638
0900700010642
0900700010657
0900700010676
0900700010680
0900700010695
0900700010708
0900700010727
0900700010731
0900700010746
0900700010750
0900700010765
090070001077A
0900700010784
0900700010801
0900700010816
0900700010820
0900700010835
090070001084A
0900700010854
0900700010888
0900700010892
0900700010905
090070001091A
0900700010924
0900700010939
0900700010943
0900700010958
0900700010962
0900700010977
0900700010981
0900700011000
0900700011015
0900700011034
0900700011049
0900700011053
0900700011087
0900700011091
0900700011104
0900700011123
0900700011138
0900700011142
0900700011157
0900700011176
0900700011180
0900700011195
0900700011208
0900700011227
0900700011246
0900700011250
0900700011265
090070001127A
0900700011284
0900700011299
0900700011301
0900700011316
090070001134A
0900700011354
0900700011369
0900700011388
090070001141A
0900700011424
0900700011439
0900700011443
0900700011458
0900700011462
0900700011477
0900700011481
0900700011496
0900700011509
0900700011513
0900700011566
090070001159A
0900700011621
0900700011636
0900700011640
0900700011655
090070001166A
0900700011674
0900700011689
0900700011693
0900700011706
0900700011710
0900700011759
0900700011763
0900700011778
0900700011814
0900700011833
0900700011848
0900700011852
0900700011867
0900700011890
0900700011918
0900700011941
0900700011960
0900700011975
090070001198A
0900700011994
0900700012047
0900700012051
0900700012070
0900700012085
090070001209A
0900700012102
0900700012117
0900700012140
0900700012155
090070001216A
0900700012174
0900700012189
0900700012193
0900700012206
0900700012371
0900700012386
0900700012390
0900700012403
0900700012437
0900700012441
0900700012456
0900700012460
0900700012494
0900700012507
0900700012511
0900700012526
0900700012530
0900700012545
090070001255A
0900700012564
0900700012579
0900700012600
0900700012615
090070001262A
0900700012634
0900700012649
0900700012653
0900700012668
0900700012672
0900700012687
0900700012691
0900700012704
0900700012719
0900700012723
0900700012738
0900700012757
0900700012776
0900700012780
0900700012795
0900700012808
0900700012812
0900700012831
0900700012846
0900700012850
090070001287A
0900700012884
0900700012899
0900700012901
0900700012920
0900700012935
090070001294A
0900700012954
0900700012969
0900700012973
0900700012988
0900700013026
0900700013030
0900700013045
090070001305A
0900700013064
0900700013079
0900700013083
0900700013100
0900700013115
0900700013134
0900700013149
0900700013153
0900700013204
0900700013219
0900700013223
0900700013238
0900700013242
0900700013257
0900700013276
0900700013295
0900700013327
0900700013346
0900700013365
090070001337A
0900700013401
0900700013420
0900700013488
0900700013492
0900700013505
090070001351A
0900700013539
0900700013558
0900700013562
0900700013577
0900700013581
0900700013596
0900700013613
0900700013628
0900700013632
0900700013647
0900700013651
0900700013666
0900700013670
090070001369A
0900700013702
0900700013717
0900700013721
0900700013740
0900700013755
090070001376A
0900700013774
0900700013789
0900700013793
0900700013806
0900700013810
0900700013825
090070001383A
0900700013844
0900700013859
0900700013863
0900700013897
090070001390A
0900700013914
0900700013967
0900700013971
0900700013986
0900700013990
090070001401A
0900700014024
0900700014039
0900700014043
0900700014058
0900700014062
0900700014077
0900700014081
0900700014096
0900700014109
0900700014113
0900700014128
0900700014147
0900700014151
0900700014166
0900700014170
0900700014185
090070001419A
0900700014202
0900700014217
0900700014236
0900700014240
090070001426A
0900700014274
0900700014289
0900700014293
0900700014306
0900700014310
0900700014325
090070001433A
0900700014344
0900700014359
0900700014363
0900700014382
0900700014397
090070001440A
0900700014414
0900700014429
0900700014433
0900700014448
0900700014452
0900700014467
0900700014471
0900700014503
0900700014522
0900700014537
0900700014541
0900700014556
0900700014560
0900700014575
0900700014594
0900700014611
0900700014645
090070001465A
0900700014664
0900700014679
0900700014683
0900700014698
090070001472A
0900700014734
0900700014749
0900700014768
0900700014772
0900700014791
0900700014804
0900700014838
0900700014842
0900700014857
0900700014861
0900700014876
0900700014880
0900700014895
0900700014908
0900700014912
0900700014927
0900700014931
0900700014946
0900700014965
090070001497A
0900700014984
0900700014999
0900700015003
0900700015018
0900700015037
0900700015041
0900700015056
0900700015060
0900700015075
090070001508A
0900700015094
0900700015107
0900700015111
0900700015126
0900700015130
0900700015145
090070001515A
0900700015179
0900700015183
0900700015198
0900700015200
0900700015215
090070001522A
0900700015249
0900700015253
0900700015268
0900700015272
0900700015287
0900700015291
0900700015304
0900700015319
0900700015323
0900700015338
0900700015342
0900700015357
0900700015361
0900700015376
0900700015380
0900700015395
0900700015408
0900700015412
0900700015427
0900700015431
0900700015446
0900700015450
0900700015465
090070001547A
0900700015484
0900700015499
0900700015501
0900700015516
0900700015520
0900700015535
090070001554A
0900700015554
0900700015569
0900700015573
0900700015588
0900700015592
0900700015605
090070001561A
0900700015624
0900700015639
0900700015643
0900700015658
0900700015662
0900700015677
0900700015681
0900700015696
0900700015709
0900700015713
0900700015728
0900700015732
0900700015747
0900700015751
0900700015766
0900700015770
0900700015785
090070001579A
0900700015802
0900700015817
0900700015821
0900700015836
0900700015840
0900700015855
090070001586A
0900700015874
0900700015889
0900700015893
0900700015906
0900700015910
0900700015925
090070001593A
0900800010014
0900800010029
0900800010033
0900800010048
0900800010052
0900800010067
0900800010071
0900800010086
0900800010090
0900800010103
0900800010118
0900800010122
0900800010137
0900800010141
0900800010156
0900800010160
0900800010175
090080001018A
0900800010194
0900800010207
0900800010211
0900800010226
0900800010230
0900800010245
090080001025A
0900800010264
0900800010283
0900800010298
0900800010300
0900800010315
090080001032A
0900800010334
0900800010349
0900800010353
0900800010387
0900800010404
0900800010423
0900800010438
0900800010457
0900800010461
0900800010476
0900800010495
0900800010508
0900800010512
0900800010527
0900800010531
0900800010546
0900800010550
0900800010565
090080001057A
0900800010584
0900800010599
0900900010026
0900900010308
0900900010312
0900900010327
0900900010331
0900900010492
0900900010505
0900900010562
0900900110401
0900900110416
0900900110420
0900900110435
090090011051A
0900900110543
090090015012A
0900900170365
090090017037A
0900900170384
0900900170399
0900900170558
0900900240191
0900900240204
0900900240219
0900900240577
0900900240581
0900900240596
0900900240651
090090029044A
0900900290454
0900900290469
0900900290473
0900900290609
0900900330346
0900900330350
0900900330488
0900900360223
0900900360238
0900900360242
0900901520613
0900901520628
0900903000632
0900903000647
0901000010012
0901000010027
0901000010031
0901000010046
0901000010050
0901000010065
0901000010084
0901000010099
0901000010101
0901000010116
0901000010135
090100001014A
0901000010169
0901000010173
0901000010188
0901000010192
0901000010205
090100001021A
0901000010224
0901000010239
0901000010243
0901000010258
0901000010262
0901000010277
0901000010281
0901000010296
0901000010309
0901000010313
0901000010328
0901000010332
0901000010347
0901000010351
0901000010370
0901000010385
0901000010417
0901000010421
0901000010440
0901000010455
0901000010474
0901000010489
0901000010493
0901000010506
0901000010510
0901000010525
090100001053A
0901000010544
0901000010559
0901000010563
0901000010578
0901000010597
090100001060A
0901000010614
0901000010629
0901000010633
0901000010648
0901000010667
0901000010671
0901000010686
0901000010690
0901000010703
0901000010718
0901000010722
0901000010737
0901000010741
0901000010756
0901000010760
0901000010775
090100001078A
0901000010794
0901000010807
0901000010811
0901000010826
0901000010830
0901000010845
0901000010864
0901000010898
0901000010900
0901000010915
090100001092A
0901000010949
0901000010953
0901000010968
0901000010972
0901000010987
0901000010991
0901000011006
0901000011010
0901000011025
090100001103A
0901000011044
0901000011059
0901000011063
0901000011078
090100001110A
0901000011114
0901000011129
0901000011133
0901000011148
0901000011152
0901000011171
0901000011186
0901000011190
0901000011203
0901000011218
0901000011222
0901000011237
0901000011241
0901000011260
0901000011275
090100001128A
0901000011294
0901000011307
0901000011330
0901000011345
090100001135A
0901000011364
0901000011379
0901000011434
0901000011453
0901000011468
0901000011472
0901000011487
0901000011519
0901000011523
0901000011542
0901000011557
0901000011561
0901000011580
0901000011595
0901000011627
0901000011631
0901000011646
0901000011650
0901000011665
090100001167A
0901000011684
0901000011699
0901000011716
0901000011720
0901000011735
090100001174A
0901000011754
0901000011769
0901000011773
0901000011788
0901000011792
0901000011805
090100001181A
0901000011824
0901000011839
0901000011843
0901000011858
0901000011881
0901000011913
0901000011928
0901000011932
0901000011947
0901000011951
0901000011966
0901000011970
0901000011985
090100001199A
0901000012019
0901000012023
0901000012038
0901000012042
0901000012057
0901000012061
0901000012076
0901000012080
0901000012095
0901000012108
0901000012112
0901000012131
0901000012146
0901000012150
0901000012165
0901000012184
0901000012199
0901000012201
0901000012216
0901000012220
0901000012235
090100001224A
0901000012254
0901000012269
0901000012273
0901000012288
0901000012292
0901000012305
090100001231A
0901000012324
0901000012339
0901000012343
0901000012358
0901000012362
0901000012377
0901000012381
090110001001A
0901100010039
0901100010043
0901100010058
0901100010077
0901100010096
0901100010113
0901100010128
0901100010132
0901100010147
0901100010151
0901100010166
0901100010170
0901100010185
0901100010202
0901100010217
0901100010240
0901100010255
090110001026A
0901100010274
0901100010289
0901100010306
0901100010310
0901100010325
0901100010344
0901100010359
0901100010363
0901100010378
0901100010382
0901100010397
090110001040A
0901100010414
0901100010433
0901100010448
0901100010452
0901100010575
0901100010594
0901100010607
0901100010626
0901100010630
0901100010645
090110001065A
0901100010664
0901100010679
0901100010753
0901100010768
0901100010772
0901100010804
0901100010819
0901100010823
0901100010927
0901100010931
0901100010946
0901100010950
0901100010984
0901100010999
0901100011056
0901100011075
090110001108A
0901100011094
0901100011111
0901100011145
090110001122A
0901100011234
0901100011249
0901100011253
0901100011268
0901100011272
0901100011287
0901100011291
0901100011304
0901100011319
0901100011323
0901100011338
0901100011342
0901100011357
0901100011361
0901100011376
0901100011380
0901100011395
0901100011412
0901100011427
0901100011431
0901100011446
0901100011450
0901100011465
090110001147A
0901100011484
0901100011499
0901100011535
090110001154A
090110011072A
0901100111037
0901100111041
0901100210787
0901100210791
0901100211003
0901100211018
0901100211022
090110021115A
0901100211516
0901100240734
0901100240749
0901100241183
0901100241408
0901100241520
0901100260965
090110026097A
0901100261164
0901100261501
0901200010017
0901200010021
0901200010040
0901200010074
0901200010093
0901200010106
0901200010125
090120001013A
0901200010144
0901200010159
0901200010163
0901200010178
0901200010182
0901200010197
090120001020A
0901200010214
0901200010229
0901200010233
0901200010248
0901200010267
0901200010303
0901200010318
0901200010322
0901200010337
0901200010341
0901200010360
0901200010375
090120001038A
0901200010394
0901200010407
0901200010411
0901200010426
0901200010430
0901200010445
090120001045A
0901200010464
0901200010479
0901200010483
0901200010498
0901200010500
0901200010515
090120001052A
0901200010534
0901200010549
0901200010553
0901200010568
0901200010572
0901200010587
0901200010591
0901200010604
0901200010619
0901200010623
0901200010638
0901200010642
0901200010657
0901200010661
0901200010676
0901200010680
0901200010695
0901200010708
0901200010712
0901200010727
0901200010731
0901200010746
0901200010750
0901200010765
090120001077A
0901200010784
0901200010799
0901200010801
0901200010816
0901200010820
0901200010835
090120001084A
0901200010854
0901200010869
0901200010888
0901200010892
0901200010905
090120001091A
0901200010924
0901200010939
0901200010943
0901200010958
0901200010962
0901200010977
0901200010981
0901200010996
0901200011000
0901200011015
090120001102A
0901200011034
0901200011049
0901200011053
0901200011068
0901200011072
0901200011087
0901200011091
0901200011104
0901200011119
0901200011123
0901200011142
0901200011157
0901200011161
0901200011176
0901200011195
0901200011212
0901200011299
0901200011316
0901200011369
0901200011388
0901200011424
0901200011439
0901200011443
0901200011458
0901200011462
0901200011477
0901200011481
0901200011496
0901200011509
0901200011513
0901200011547
0901200011566
0901200011570
0901200011585
090120001159A
0901200011602
0901200011617
0901200011621
0901200011636
0901200011640
0901200011655
090120001173A
0901200011744
0901200011759
0901200011890
0901200011903
0901200011918
0901200011922
0901200011937
0901200011941
0901200011956
0901200011960
0901200011975
090120001198A
0901200011994
0901200012009
0901200012013
0901200012047
0901200012051
0901200012066
0901200012070
0901200012085
0901200012102
0901200012121
0901200012136
0901200012140
0901200012155
090120001216A
0901200012174
0901200012189
0901200012193
0901200012206
0901200012210
0901200012225
090120001223A
0901200012244
0901200012259
0901200012263
0901200012278
0901200012282
0901200012333
0901200012348
0901200012352
0901200012371
0901200012386
0901200012441
0901200012456
0901200192460
0901200192475
0901200261528
0901200261532
090120026166A
0901200261674
0901200261689
0901200261693
0901200261706
0901200261710
0901200262297
0901200262314
0901200262329
0901200262390
0901200262403
0901200262418
0901200262437
0901200271763
0901200271778
0901200271782
0901200271797
090120027180A
0901200272028
0901200272032
090120027230A
0901200272422
0901300010014
0901300010029
0901300010033
0901300010052
0901300010067
0901300010086
0901300010090
0901300010122
0901300010137
0901300010160
0901300010175
090130001018A
0901300010194
0901300010207
0901300010211
0901300010226
0901300010230
0901300010245
090130001025A
0901300010279
0901300010283
0901300010298
0901300010300
0901300010315
0901300010334
0901300010353
0901300010368
0901300010372
0901300010387
0901300010391
0901300010404
0901300010419
0901300010423
0901300010438
0901300010442
0901300010461
0901300010480
0901300010495
0901300010508
0901300010527
0901300010550
0901300010565
090130001057A
0901300010599
0901300010601
090130001064A
0901300010654
0901300010669
0901300010688
0901300010692
0901300010705
090130001071A
0901300010724
0901300010739
0901300010743
0901300010758
0901300010762
0901300010777
0901300010809
0901300010813
0901300010828
0901300010832
0901300010847
0901300010851
0901300010866
0901300010870
0901300010885
090130001089A
0901300010917
0901300011027
0901300011031
0901300011046
0901300011050
0901300011065
090130001107A
0901300011084
0901300011099
0901300011101
0901300011116
0901300011120
0901300011135
090130001114A
0901300011154
0901300011169
0901300011173
0901300011188
0901300011192
0901300011205
090130001121A
0901300011224
0901300011239
0901300011243
0901300011262
0901300011296
0901300011309
0901300011313
0901300011328
0901300011332
0901300011347
0901300011366
0901300011370
0901300011385
090130001139A
0901300011402
0901300011417
0901300011421
0901300011436
0901300011440
0901300011455
090130001146A
0901300011474
0901300011489
0901300011493
0901300011506
0901300011510
0901300011525
0901300011544
0901300011559
0901300011563
0901300011578
0901400010011
0901400010026
0901400010030
0901400010045
090140001005A
0901400010064
0901400010079
0901400010083
0901400010098
0901400010100
0901400010115
090140001012A
0901400010134
0901400010149
0901400010153
0901400010168
0901400010172
0901400010187
0901400010191
0901400010204
0901400010219
0901400010223
0901400010238
0901400010242
0901400010257
0901400010261
0901400010276
0901400010280
0901400010295
0901400010308
0901400010312
0901400010327
0901400010331
0901400010346
0901400010350
0901400010365
090140001037A
0901400010384
0901400010399
0901400010401
0901400010416
0901400010420
0901400010435
090140001044A
0901400010454
0901400010469
0901400010473
0901400010488
0901400010492
0901400010505
090140001051A
0901400010524
0901400010539
0901400010543
0901400010558
0901400010562
0901400010577
0901400010581
0901400010596
0901400010609
0901400010613
0901400010628
0901400010632
0901400010647
0901400010651
0901400010666
0901400010670
0901400010685
090140001069A
0901400010702
0901400010717
0901400010721
0901400010736
0901400010740
0901400010755
090140001076A
0901400010774
0901400010789
0901400010793
0901400010806
0901400010810
0901400010825
090140001083A
0901400010844
0901400010859
0901400010863
0901400010878
0901400010882
0901400010897
090140001090A
0901400010914
0901400010929
0901400010933
0901400010948
0901400010952
0901400010967
0901400010971
0901400010986
0901400010990
0901400011005
090140001101A
0901400011024
0901500010019
0901500010023
0901500010038
0901500010042
0901500010057
0901500010061
0901500010076
0901500010080
0901500010095
0901500010108
0901500010112
0901500010127
0901500010131
0901500010146
0901500010150
0901500010165
090150001017A
0901500010184
0901500010199
0901500010201
0901500010216
0901500010220
0901500010235
090150001024A
0901500010254
0901500010269
0901500010273
0901500010288
0901500010292
0901500010305
090150001031A
0901500010324
0901500010339
0901500010343
0901500010358
0901500010362
0901500010377
0901500010381
0901500010396
0901500010409
0901500010413
0901500010428
0901500010432
0901500010447
0901500010451
0901500010466
0901500010470
0901500010485
090150001049A
0901500010502
0901500010517
0901500010521
0901500010536
0901500010540
0901500010555
090150001056A
0901500010574
0901500010589
0901500010593
0901500010606
0901500010610
0901500010625
090150001063A
0901500010644
0901500010659
0901500010663
0901500010678
0901500010682
0901500010697
090150001070A
0901500010714
0901500010729
0901500010733
0901500010748
0901500010752
0901500010767
0901500010771
0901500010786
0901500010790
0901500010803
0901500010818
0901500010822
0901500010837
0901500010841
0901500010856
0901500010860
0901500010875
090150001088A
0901500010894
0901500010907
0901500010911
0901500010926
0901500010930
0901500010945
090150001095A
0901500010964
0901500010979
0901500010983
0901500010998
0901500011002
0901500011017
0901500011036
0901500011040
0901500011055
090150001106A
0901500011074
0901500011089
0901500011093
0901500011106
0901500011110
0901500011125
090150001113A
0901500011144
0901500011159
0901500011163
0901500011178
0901500011182
0901500011197
090150001120A
0901500011214
0901500011229
0901500011233
0901500011248
0901500011252
0901500011267
0901500011271
0901500011286
0901500011290
0901500011303
0901500011318
0901500011322
0901500011337
0901500011341
0901500011356
0901500011360
0901500011375
090150001138A
0901500011394
0901500011407
0901500011411
0901500011426
0901500011430
0901500011445
090150001145A
0901500011464
0901500011479
0901500011483
0901500011498
0901500011500
0901500011515
090150001152A
0901500011534
0901500011549
0901600010020
090160001004A
0901600010054
0901600010069
0901600010073
0901600010088
0901600010092
0901600010105
090160001011A
0901600010124
0901600010139
0901600010143
0901600010158
0901600010162
0901600010177
0901600010181
0901600010209
0901600010213
0901600010247
0901600010251
0901600010270
0901600010285
090160001029A
0901600010317
0901600010321
0901600010336
0901600010340
090160001036A
0901600010374
0901600010389
0901600010393
0901600010410
0901600010425
090160001043A
0901600010444
0901600010459
0901600010463
0901600010478
0901600010482
0901600010497
090160001050A
0901600010514
0901600010548
0901600010571
0901600010586
0901600010590
0901600010603
0901600010618
0901600010622
0901600010637
0901600010641
0901600010656
0901600010660
0901600010675
090160001068A
0901600010694
0901600010707
0901600010711
0901600010730
0901600010745
090160001075A
0901600010764
0901600010779
0901600010783
0901600010798
0901600010800
0901600010815
090160001082A
0901600010834
0901600010849
0901600010853
0901600010868
0901600010872
0901600010887
0901600010891
0901600010904
0901600010919
0901600010923
0901600010938
0901600010942
0901600010957
0901600010961
0901600010976
0901600010980
0901600010995
090160001100A
0901600011014
0901600011029
0901600011033
0901600011048
0901600011052
0901600011067
0901600011090
0901600011103
0901600011118
0901600011122
0901600011137
0901600011141
0901600011156
0901600011160
0901600011175
090160001118A
0901600011194
0901600011207
0901600011211
0901600011226
0901600011230
0901600011245
090160001125A
0901600011264
0901600011279
0901600011283
0901600011298
0901600011300
0901600011315
090160001132A
0901600011334
0901600011349
0901600011353
0901600011368
0901700010013
0901700010028
0901700010032
0901700010047
0901700010051
0901700010066
0901700010070
0901700010085
090170001009A
0901700010102
0901700010117
0901700010121
0901700010136
0901700010155
090170001016A
0901700010174
0901700010189
0901700010193
0901700010206
0901700010210
0901700010225
090170001023A
0901700010244
0901700010259
0901700010263
0901700010278
0901700010282
0901700010297
090170001030A
0901700010314
0901700010329
0901700010333
0901700010348
0901700010352
0901700010367
0901700010371
0901700010386
0901700010390
0901700010403
0901700010418
0901700010422
0901700010437
0901700010441
0901700010456
0901700010460
0901700010475
090170001048A
0901700010494
0901700010507
0901700010526
0901700010530
0901700010545
090170001055A
0901700010564
0901700010579
0901700010583
0901700010600
0901700010615
090170001062A
0901700010634
0901700010649
0901700010653
0901700010668
0901700010672
0901700010687
0901700010691
0901700010704
0901700010719
0901700010723
0901700010738
0901700010742
0901700010757
0901700010761
0901700010776
0901700010780
0901700010795
0901700010808
0901700010812
0901700010827
0901700010831
0901700010846
0901700010865
090170001087A
0901700010884
0901700010899
0901700010901
0901700010916
0901700010920
0901700010935
090170001094A
0901700010954
0901700010969
0901700010973
0901700010988
0901700010992
0901700011007
0901700011011
0901700011026
0901700011030
0901700011045
090170001105A
0901700011064
0901700011079
0901700011083
0901700011098
0901700011100
0901700011115
090170001112A
0901700011134
0901700011149
0901700011153
0901700011168
0901700011172
0901700011187
0901700011191
0901700011204
0901700011219
0901700011223
0901700011238
0901700011242
0901700011257
0901700011261
0901700011276
0901700011280
0901700011295
0901700011308
0901700011312
0901700011327
0901700011331
0901700011346
0901700011350
0901700011365
090170001137A
0901700011384
0901700011399
0901700011401
0901700011416
0901700011420
090170001144A
0901700011454
0901700011469
0901700011473
0901700011488
0901700011492
0901700011505
090170001151A
0901700011524
130690001004A
1306900010054
1306900010069
1306900010073
1306900010088
130690001011A
1306900010158
1306900010162
1306900010177
1306900010228
1306900010232
1306900010251
1306900010266
130690001029A
1306900010302
1306900010317
1306900010321
1306900010336
1306900010340
1306900010355
1306900010374
1306900010393
1306900010406
1306900010459
1306900010463
1306900020482
1306900020497
130690002050A
1306900020514
1306900080213
130690008043A
1306900080444
1306900100529
1306900100533
1306900190410
1306900190425
1306900190478
1306900420548
1306900420552
1306900420567
1306900420571
1306900420586
1306900420590
1306900420603
1306900420618
1306900420622
1306900420637
1306900420641
1306900420656
1306900420660
1306900420675
130690044068A
1306900440694
1306900440707
1306900440711
1306900440726
1306900440730
1306900440745
130690044075A
1306900440764
1306900440779
1306900440783
1306900440798
1306900440800
1306900440815
130690044082A
1306900440834
1306900440849
1306900440853
1306900440868
1306900440872
1306900440887
1500200010228
1500200010232
150020001050A
1500200010514
1500200050177
150020008036A
1500200080374
1500200080389
1500200110656
1500200110660
1500200120181
1500200150069
1500200150073
1500200150088
1500200150105
150020015011A
1500200150124
1500200150143
1500200150158
1500200150196
1500200150247
1500200150251
1500200150266
1500200150270
1500200150285
150020015029A
1500200150336
1500200150340
1500200150355
1500200150410
1500200150425
150020015043A
1500200150444
1500200150459
1500200150463
1500200150478
1500200150482
1500200150497
1500200150533
1500200150548
1500200150552
1500200150567
1500200150571
1500200150586
1500200150590
1500200150603
1500200150618
1500200150622
1500200150637
1500200150641
1500200160162
1500200160209
1500200160529
1500900010036
1500900010040
150090001006A
1500900010093
1500900010125
1500900010144
1500900010159
1500900010182
1500900010267
1500900050233
1500900060106
1500900060110
1500900060248
150100001015A
1501000010179
1501000010198
1501000010200
1501000010215
150100001022A
1501000010234
1501000010249
1501000010253
1501000010268
1501000010272
1501000010287
1501000010291
1501000070183
1501100010053
1501100010068
1501100010123
1501100010138
1501100010142
1501100010176
1501100010180
1501100010231
1501100020049
1501100020161
1501100020212
1501100020227
1501100020246
1501100040034
1501100040157
1501100130250
1501100130265
1501100290284
1501100290299
1501100290301
1501100290316
1501100290320
1501300010039
1501300010062
1501300010128
1501300010132
1501300010147
1501300010170
1501300010202
1501300010221
1501300010236
1501300010255
1501300010274
1501300010344
1501300010363
1501300010382
1501300010397
150130001040A
1501300010429
1501300010433
1501300010448
1501300010490
1501300010503
1501300010522
1501300010556
1501300010560
150130001058A
1501300010594
1501300010607
1501300010611
1501300010626
1501300010630
1501300010645
150130001065A
1501300010664
1501300010679
1501300010700
1501300010715
150130001072A
1501300010734
1501300010749
1501300010772
1501300010787
1501300010791
1501300010895
1501300010912
1501300010927
1501300010931
1501300010946
1501300010950
1501300010965
150130001097A
1501300010984
1501300010999
1501300011003
1501300011018
1501300011022
1501300011037
1501300011041
1501300011056
1501300011060
1501300011075
150130001108A
1501300011094
1501300011107
1501300011111
1501300011130
1501300011179
1501300011183
1501300011198
1501300011234
1501300011249
1501300011253
1501300011268
1501300011272
1501300011287
1501300011291
1501300011304
1501300011319
1501300011323
1501300011338
1501300011342
1501300011357
1501300011361
1501300011376
1501300011380
1501300011395
1501300011408
1501300011412
1501300011427
1501300011431
1501300011446
1501300011450
1501300011465
150130001147A
1501300011484
1501300011499
1501300011501
1501300011516
1501300011520
1501300011535
150130001154A
1501300011554
1501300011569
1501300011573
1501300011588
1501300011592
150130001161A
1501300011624
1501300011639
1501300011643
1501300011658
1501300011662
1501300011677
1501300011681
1501300011696
1501300011709
1501300011713
1501300011728
1501300011732
1501300011747
1501300011751
1501300011766
1501300011770
1501300011785
150130001179A
1501300011802
1501300011817
1501300011840
1501300011855
150130001186A
1501300011874
1501500010156
1501500010160
1501500010175
1501500010207
1501500010211
1501500010226
150150001025A
1501500010264
1501500050071
150150005018A
1501500050194
1501500060141
1501500060230
1501500060245
1501500060283
1501500070086
1501500070122
1501500070137
1501500070279
1501500070298
1501600010149
1501600010219
1501600010223
150160006005A
1501600060064
1501600060079
1501600060083
1501600060134
1501600060276
1501600160153
1501600160168
1501600160172
1501600160187
1501600160191
1501600160204
1501600160238
1501600160257
1501600160261
1501600170280
1501600170295
1501700010023
1501700010038
1501700010042
1501700010061
1501700010076
1501700010080
1501700010108
1502000010029
1502000010033
1502000010048
1502000010067
1502000010071
1502000010090
1502000010103
1502000010137
1502000010141
1502000010156
1502000010160
1502000010175
150200001018A
1502000010194
1502000010211
150200001025A
1502000010300
1502000010315
150200001032A
1502000010334
1502000010349
1502000010353
1502000010368
1502000010372
1502000010387
1502000010391
1502000010404
1502000010419
1502000010423
1502000010438
1502000010457
1502000010476
1502000010508
1502000010512
1502000010531
1502000010546
1502000010565
150200001057A
1502000010584
1502000010599
1502000010601
1502000010616
1502000010635
150200001064A
1502000010654
1502000010669
1502000010673
1502000010688
1502000010692
1502000010705
150200001071A
1502000010724
1502000010739
1502000010743
1502000010758
1502000010762
1502000010777
1502000010781
1502000010796
1502000010809
1502000010813
1502000010828
1502000010832
1502000010847
1502000010851
1502000010866
1502000010870
1502000010885
150200001089A
1502200010042
1502200010057
1502200010061
1502200010080
1502200010095
1502200010108
1502200010112
150230001004A
1502300010069
1502300010073
1502300010092
1502300010105
150230001011A
1502300010124
1502300010139
1502300010143
1502300010158
1502300010162
1502300010196
1502400010028
1502400010032
1502400010047
1502400010051
1502400010085
150240001009A
1502400010102
1502400010117
1502400010121
1502400010136
1502400010210
150240001023A
1502400010244
1502400010259
1502400010263
1502400010329
1502400010333
1502400010348
1502400010352
1502400010367
1502400010371
1502400010386
1502400010390
1502400010403
1502400010418
1502400010422
1502400010437
1502400010441
1502400010456
1502400880278
1502400880282
1502400880297
1502401110475
150240111048A
1502401110494
1502401240460
1502500010129
1502500010769
1502500010773
1502500010788
1502500010792
1502500010805
150250001081A
1502500010824
1502500010839
1502500010932
1502500010947
1502500011131
1502500011201
1502500011216
1502500011220
1502500011235
1502500011288
1502500011292
1502500011305
1502500011521
1502500011536
1502500011729
1502500011733
1502500011748
1502500011752
1502500011767
1502500011771
1502500011786
1502500011790
1502500011818
1502500011822
1502500011837
1502500011841
1502500011856
1502500011860
1502500011907
1502500011926
1502500011930
1502500012017
1502500012021
1502500012036
1502500012040
1502500012055
150250001206A
1502500012074
1502500012089
1502500012093
1502500012106
150250001213A
1502500012144
1502500012163
1502500012178
150250002188A
1502500022233
1502500022248
1502500050044
1502500051095
1502500051108
1502500052182
1502500052197
150250005220A
1502500052214
1502500100133
1502500101023
1502500101199
1502500102229
1502500121894
1502500130970
1502500131540
1502500131555
150250013195A
1502500131998
1502500132002
1502500132110
1502500132159
1502500132286
1502500141150
1502500141165
150250014156A
1502500141574
1502500142267
1502500142271
1502500142318
1502500160078
150250016099A
1502500161004
1502500161019
1502500161112
1502500161127
1502500170985
1502500171589
1502500171593
1502500171606
1502500171875
1502500171911
1502500171983
1502500191610
1502500191625
1502500191964
1502500192125
1502500192290
1502500200148
1502500201038
1502500201076
1502500201979
150250021163A
1502500211644
1502500212303
1502800010031
1502800010046
1502800010050
1502800010101
1502800010116
1502800010120
150280001014A
1502800010154
1502800040169
1502800060135
1502900010062
1502900010081
1502900010113
1502900010128
1502900010132
1502900010147
1502900010166
1502900010170
1502900010185
150290001019A
1502900010202
1502900010217
1502900010221
1502900010236
150290001026A
1502900010274
1502900010289
1502900010293
1502900010306
1502900010310
1502900010325
150290001033A
1502900010344
1502900010359
1502900010363
1502900010378
1502900010522
150300001003A
1503000010044
1503000010078
1503000010082
1503000010097
150300001010A
1503100010037
1503100010041
150310001008A
1503100010094
1503100010107
1503100010111
1503100010126
1503100010145
150310001015A
1503100010179
1503100010183
1503100010198
1503100010291
1503100010304
1503100010319
1503100010323
1503100010338
1503100010342
1503100010357
1503100010361
1503100010376
1503100010380
1503100010395
1503100010412
1503100010499
1503100010516
1503100010520
1503100010535
150310001054A
1503100010554
1503100010569
1503100010573
1503100010588
1503100010592
1503100010605
150310001061A
1503100010624
1503100010639
1503100010643
1503100010658
1503100010662
1503100010677
1503100010681
1503100010696
1503100010713
1503100010728
1503100010747
1503100010751
1503100010766
1503100010770
1503100010785
150310001079A
1503100010802
1503100010817
1503100010821
1503100010836
1503100010840
1503100010855
150310001086A
1503100010874
1503100010889
1503100010893
1503100010906
1503100010910
1503100010925
150310001093A
1503100010944
1503100010959
1503100010963
1503100010978
1503100010982
1503100010997
1503100011001
1503100011016
1503100011020
1503100011035
150310001104A
1503100011054
1503100011069
1503100011073
1503100011088
1503100011092
1503100011105
150310001111A
1503100011124
1503100011143
1503100011181
1503100011196
1503100011213
1503100011247
1503100011251
1503100011266
1503100011270
1503100011285
150310001129A
1503100011302
1503100011317
1503100011321
1503100011336
1503100011340
1503100011355
150310001136A
1503100011374
1503100011389
1503100011393
1503100011406
1503100011410
1503100011425
150310001143A
1503100011444
1503100011459
1503100011463
1503100011478
1503100011482
1503100011497
150310001150A
1503100011514
1503100011529
1503100011533
1503100011548
1503100011552
1503100011567
1503100011571
1503100011586
1503100011590
1503100011603
1503100011618
1503100011622
1503100011637
1503100011641
1503300010031
1503300010050
1503300010065
150330001007A
1503300010084
1503300010099
1503300010101
1503300010120
1503300010135
150330001014A
1503300010154
1503300010173
1503300010188
1503300010192
1503300010205
150330001021A
1503300010239
1503300010243
1503300010258
1503300010262
1503300010277
1503300010328
1503300010332
1503300010366
1503300010370
1503300010385
150330001039A
1503300010402
1503300010417
1503300010421
1503300010436
1503300010440
1503300010455
150330001046A
1503300010474
1503300010489
1503300010493
1503300010506
1503300010510
1503300010525
150330001053A
1503300010544
1503300010559
1503300010563
1503300010578
1503300010582
1503300010597
1503300010614
1503300010629
1503300010633
1503300010648
1503300010667
1503300010686
1503300010703
1503300010718
1503300010722
1503300010737
1503300010741
1503300010756
1503300010760
150330001078A
1503300010794
1503300010807
1503300010811
1503300010826
1503300010830
1503300010845
150330001085A
1503300010864
1503300010879
1503300010883
1503300010898
1503300010900
1503300010915
1503300010934
1503300010949
1503300010953
1503300010968
1503300010972
1503300010987
1503300010991
1503300011006
1503300011010
1503300011025
150330001103A
1503300011044
1503300011059
1503300011063
1503300011078
1503300011082
150330001110A
1503300011114
1503300011148
1503300011152
1503300011167
1503300011186
1503300011190
1503300011203
1503300011218
1503300011222
1503300011237
1503300011241
1503300011256
1503300011260
1503300011275
150330001128A
1503300011294
1503300011311
1503300011345
150330001135A
1503300011383
1503300011398
1503300011415
150330001142A
1503300011434
1503300011449
1503300011468
1503300011472
1503300011487
1503300011491
1503300011504
1503300011523
1503300011542
1503300011576
1503300011580
1503300011595
1503300011608
1503300011631
1503300011699
1503300011716
1503300011720
1503300011735
150330001174A
1503300011754
1503300011769
1503300011773
1503300011788
1503300011792
1503300011805
150330001181A
1503300011824
1503300011858
1503300011862
1503300011877
1503300011881
1503300011896
1503300011909
1503300011913
1503300011928
1503300011932
1503300011947
1503300011951
1503300011966
1503300011970
1503300011985
150330001199A
1503300012004
1503300012019
1503300012023
1503300012042
1503300012057
1503300012061
1503300012076
1503300012080
1503300012095
1503300012112
1503300012150
1503300012165
1503300012199
1503300012201
1503300012216
1503300012220
1503300012235
150330001224A
1503300012254
1503300012269
1503300012273
1503300012288
1503300012292
1503300012305
150330001231A
1503300012324
1503300012339
1503300012343
1503300012358
1503300012362
1503300012377
1503300012428
1503300012432
1503300012447
1503300012451
1503300012485
150330001249A
1503300012502
1503300012517
1503300012521
150330001256A
1503300012574
1503300012589
1503300012593
1503300012610
1503300012644
1503300012659
1503300012697
150330001270A
1503300012729
1503300012733
1503300012748
1503300012752
1503300012790
1503300012803
1503300012818
1503300012822
1503300012837
1503300012841
1503300012856
1503300012860
1503300012875
150330001288A
1503300012894
1503300012907
1503300012911
1503300012926
1503300012930
1503300012945
150330001295A
1503300012964
1503300012979
1503300012983
1503300012998
1503300013002
1503300013017
1503300013021
1503300013036
1503300013040
1503300013055
150330001306A
1503300013074
1503300013089
1503300013093
1503300013106
1503300013110
1503300013125
150330001313A
1503300013144
1503300013159
1503300013163
1503300013178
1503300013182
1503300013197
150330001320A
1503300013229
1503300013233
1503300013248
1503300013252
1503300013267
1503300013271
1503300013286
1503300013290
1503300013303
1503300013318
1503300013322
1503300013337
1503300013341
1503300013356
1503300013360
1503300013375
150330001338A
1503300013394
1503300013407
1503300013411
1503300013426
1503300013430
1503300013445
150330001345A
1503300013464
1503300013483
1503300013498
1503300013500
1503300013515
1503300013534
1503300013549
1503300013553
1503300013568
1503300013572
1503300013587
1503300013591
1503300013604
1503300013619
1503300013623
1503300013638
1503300013642
1503300013657
1503300013661
1503300013676
1503300013680
1503300013695
1503300013746
1503300013750
1503300013765
150330001377A
1503300013784
1503300013799
1503300013801
1503300013816
1503300013835
1503300013854
1503300013869
1503300013873
1503300013888
1503300013892
1503300013905
150330001391A
1503300013939
1503300013943
1503300013962
1503300013977
1503300013981
1503300013996
150330001402A
1503300014053
1503300014068
1503300014072
1503300014091
1503300014104
1503300014142
1503300014227
1503300014231
1503300014335
150330001434A
1503300014354
1503300014369
1503300014373
1503300014388
1503300014392
1503300014405
150330001441A
1503300014424
1503300014439
1503300014443
1503300014458
1503300014462
1503300014477
1503300014481
1503300014496
1503300014509
1503300014513
1503300014528
1503300014532
1503300014547
1503300014551
1503300014566
1503300014570
1503300014585
150330001459A
1503300014602
1503300014617
1503300014621
1503300014636
1503300014640
1503300014655
150330001466A
1503300014674
1503300014689
1503300014693
1503300014725
150330001473A
1503300014744
1503300014759
1503300014763
1503300014778
1503300014782
1503300014797
150330001480A
1503300014814
1503300014829
1503300014848
1503300014852
1503300014867
1503300014871
1503300014886
1503300014890
1503300014903
1503300014918
1503300014922
1503300014937
1503300014941
1503300014956
1503300014960
1503300014975
150330001498A
1503300014994
1503400010081
1503400010096
1503500010036
1503500010055
1503500010178
1503500010182
1503500060426
1503500080197
150350008020A
1503500090214
1503500090229
1503500090233
1503500090360
150350009038A
1503500090394
1503500120163
1503500130248
1503500190125
150350019013A
1503500270252
1503500270267
1503500270286
1503500270290
1503500270303
1503500270318
1503500270322
1503500270337
1503500270341
1503500270356
1503500270375
1503500270407
1503500270411
1503500280271
1503500300430
1503600010086
1503600010283
1503600010298
1503600060194
1503600060207
150360007032A
1503600070334
1503600070349
1503600080137
1503600080141
1503600080156
1503600080211
1503600080226
1503600090230
1503600090245
150360009025A
1503600090264
1503600090279
1503600090300
1503600090315
1503700010384
1503700010399
1503700010577
1503700010581
1503700010736
1503700050276
1503700090223
1503700090238
1503700090280
1503700130401
1503700130416
1503700130420
150370013069A
1503700130702
1503700180435
150370018044A
1503700180596
1503700190651
1503700210647
1503700230666
1503700240454
1503700240469
1503700240609
1503700240613
1503700240628
1503700240632
1503700250261
1503700260327
1503700710064
1503700710079
1503700710083
1503700710098
1503700710100
1503700710115
1503700710134
1503700710187
1503700710191
1503700710204
1503700710219
1503700710242
1503700710308
1503700710331
1503700710346
1503700710350
1503700710365
150370071037A
1503700710473
1503700710488
1503700710492
1503700710524
1503700710539
1503700710543
1503700710558
1503700710562
1503700710670
1503700710685
1503700710721
1503700710740
1503700890755
1503800010038
1503900010139
1503900010158
1503900010213
1503900010232
1503900010302
1503900010567
1503900010571
1503900010586
1503900010603
1503900010618
1503900010622
1503900010637
1503900010641
1503900010656
1503900010660
1503900010675
150390001068A
1503900010694
1503900010745
150390001075A
1503900010764
1503900010868
1503900010872
1503900010887
1503900010891
1503900010904
1503900010919
1503900010942
1503900010980
1503900011048
1503900011052
1503900011067
1503900011071
1503900011086
1503900011090
1503900011103
1503900011118
1503900011122
1503900011137
1503900011141
1503900011156
1503900011160
1503900011207
1503900011211
1503900011226
1503900011230
1503900011245
150390001125A
1503900011264
1503900011279
1503900011300
1503900011368
1503900011372
1503900011387
1503900011391
1503900011404
1503900011419
1503900011423
1503900011438
1503900011442
1503900011457
1503900011461
1503900011476
1503900011508
1503900011512
1503900011762
1503900011777
1503900011781
1503900011796
1503900011809
1503900011813
1503900011828
1503900011832
1503900011847
1503900011851
1503900011866
1503900011870
1503900011885
150390001189A
1503900011902
1503900011917
1503900011921
1503900011936
1503900011940
1503900011955
150390001196A
1503900011974
1503900011989
1503900012008
1503900012012
1503900012027
150390001207A
1503900012084
1503900012099
1503900012101
1503900012116
1503900012135
150390001214A
1503900012154
1503900012169
1503900012173
1503900012188
1503900012224
1503900012239
1503900012243
1503900012258
1503900012262
1503900012277
1503900031550
1503900031565
150390003157A
1503900031616
1503900031620
1503900031635
150390003164A
1503900031654
1503900031669
1503900031673
1503900031688
1503900031692
1503900040800
1503900040815
1503900041315
1503900071546
1503900110073
150390011082A
1503900110834
1503900110849
1503900110853
1503900111349
1503900111495
150390011221A
1503900120779
1503900120783
1503900120798
1503900121175
150390012118A
1503900121194
1503900121283
1503900121298
150390012132A
1503900121334
1503900122031
1503900122046
1503900122296
1503900641743
1503900641758
1503900642050
1503900642065
1503900642192
1503900642205
1503901511584
1503901511599
1503901511601
1503901511705
150390151171A
1503901511724
1503901511739
150440001004A
1504400010092
1504400010105
150440020011A
1504400200124
1504400200139
1504400200143
1504400200158
1504600010025
1504600030059
1504600050063
1505000010047
150500001009A
1505000010102
1505000010117
1505000010121
1505000010136
1505000010174
1505000010189
1505000020140
1505000020155
150500002016A
1505000020193
1505300010034
1505300010049
1505300010053
1505300010068
1505300010072
1505300010104
1505300010123
1505300010138
1505300010142
1505300010212
1505300010227
1505300010284
1505300010335
150530001034A
1505300050299
1505300050320
1505300050354
1505300050369
1505700010048
1505700010103
1505700010122
1505700010141
1505700010156
1505700010160
1505700010175
150570001018A
1505700010245
1505700010283
150570001032A
1505700010353
1505700010368
1505700010372
1505700010391
1505700010404
1505700010419
1505700010480
1505700010495
1505700010508
1505700010512
1505700010550
1505700010584
1505700010599
1505700010601
1505700010616
1505700010620
1505700010635
150570001064A
1505700010669
1505700010688
1505700010692
1505700010705
150570001071A
1505700010743
1505700010813
1505700010851
1505700010866
1505700010870
1505700010936
1505700010940
1505700010955
1505700011031
1505700011084
1505700011116
1505700011135
150570001114A
1505700011154
1505700011169
1505700011173
1505700011188
1505700011192
1505700011205
150570001121A
1505700011224
1505700011239
1505700011243
1505700011258
1505700011262
1505700011277
1505700011281
1505700011296
1505700011309
1505700011313
1505700011328
1505700011332
1505700011347
1505700011351
1505700011366
1505700011370
1505700011385
150570001139A
1505700011402
1505700011417
1505700011421
1505700011436
1505700011440
1505700011455
150570001146A
1505700011474
1505700011489
1505700011493
1505700011506
1505700011510
1505700011525
150570001153A
1505700011544
1505700011559
1505700011563
1505700011578
1505700011582
1505700011597
150570001160A
1505700011614
1505700011629
1505700011633
1505700011648
1505700011652
1505700011667
1505700011671
1505700011686
1505700011690
1505700011703
1505700011718
1505700011722
1505700011737
1505700011741
1505700011756
1505700011760
1505700011775
150570001178A
1505700011794
1505700011807
1505700011811
1505700011826
1505700011830
1505700011845
150570001185A
1505700011864
1505700011879
1505700011883
1505700011898
1505700011900
1505700011915
150570001192A
1505700011934
1505700011949
1505700011953
1505700011968
1505700011972
1505700011987
1505700011991
1505700012006
1505700012010
1505700012025
150570001203A
1505700012044
1505700012059
1505700012063
1505700012078
1505700012082
1505700012097
150570001210A
1505700012114
1505700012129
1505700012133
1505700012148
1505700012152
1505700012167
1505700012171
1505700012186
1505700012190
1505700012203
1505700012218
1505700012222
1505700012237
1505700012241
1505700012256
1505700012260
1505700012275
150570001228A
1505700012294
1505700012307
1505700012311
1505700012326
1505700012330
1505700012345
150570001235A
1505700012364
1505700012379
1505700012383
1505700012398
1505700012400
1505700012415
1505700012434
1505700012449
1505700012453
1505700012468
1505700012472
1505700012487
1505700012491
1505700012504
1505700012523
1505700012538
1505700012542
1505700012557
1505700012561
1505700012576
1505700012580
1505700012595
1505700012608
1505700012612
1505700012650
1505700012665
150570001267A
1505700012684
1505700012701
1505700882631
1505700882646
1505700982627
1505702672699
1505800010030
1505800010079
1505800010083
1505800010098
1505800010100
1505800010115
150580001012A
1505800010134
1505800010149
1505800010153
1505800010168
1505800010172
1505800010187
1505800010191
1505800010204
1505800010219
1505800010223
1505800010238
1505800010261
1505800010276
1505800010280
1505800010295
1505800010308
1505800010312
1505800010327
1505800010331
1505800010346
1505800010350
1505800010365
150580001037A
1505800010384
1505800010399
1505800010401
1505800010416
1505800010420
1505800010435
150580001044A
1505800010454
1505800010469
1505800010473
1505800010488
1505800010492
1505800010505
150580001051A
1505800010524
1505800010539
1505800010543
1505800010558
1505800010562
1505800010577
1505800010581
1505800010596
1505800010609
1505800010613
1505800010628
1505800010632
1505800010647
1505800010651
1505800010666
1505800010670
1505800010685
150580001069A
1505800010702
1505800010717
1505800010721
1505800010736
1505800010740
1505800010755
150580001076A
1505800010774
1505800010789
1505800010793
1505800010806
1505800010810
1505800010825
150580001083A
1505800010844
1505800010859
1505800010863
1505800010878
1505800010882
1505800010897
150580001090A
1505800010914
1505800010929
1505800010933
1505800010948
1505800010952
1505800010967
1505800010971
1505800010986
1505800010990
1505800011005
150580001101A
1505800011024
1505800011039
1505800011043
1505800011058
1505800011062
1505800011077
1505800011081
1505800011096
1505800011109
1505800011113
1505800011128
1505800011132
1505800011147
1505800011151
1505800011166
1505800011170
1505800011185
150580001119A
1505800011202
1505800011217
1505800011221
1505800011236
1505800011240
1505800011255
150580001126A
1505800011274
1505800011289
1505800011293
1505800011306
1505800011310
1505800011325
150580001133A
1505800011344
1505800011359
1505800011363
1505800011378
1505800011382
1505800011397
150580001140A
1505800011414
1505800011429
1505800011433
1505800011448
1505800011452
1505800011467
1505800011471
1505800011486
1505800011518
1505800011537
1505800011541
1505800011556
1505800011560
150580001158A
1505800011594
1505800011611
1505800011630
1505800011857
1505800011861
1505800011876
1505800011880
1505800011895
1505800011908
1505800011931
1505800011946
1505800011950
1505800011965
150580001197A
1505800011984
1505800011999
1505800012003
1505800012018
1505800012022
1505800012037
1505800012056
1505800012060
1505800012075
150580001208A
1505800012094
1505800012107
1505800012111
1505800012126
1505800012130
1505800012145
1505900010038
1505900010042
1505900010057
1505900010080
1505900010108
1505900010112
1505900010127
1505900010146
1505900170150
1505900170165
150590058017A
1505900580184
1506000010132
1506000010170
150600001019A
1506000010240
150600001026A
1506000010293
1506000010359
1506000010378
150600001040A
1506000010448
1506000010537
1506000010541
1506000010556
1506000010560
1506000010575
150600001058A
1506000010594
1506000010607
1506000010611
1506000010626
1506000010645
1506000010700
1506000010715
150600001072A
1506000010734
1506000010749
1506000010753
1506000010768
1506000010772
1506000010787
1506000010804
1506000010819
1506000010823
1506000010838
1506000010842
1506000010857
1506000010876
1506000010880
1506000010908
1506000010912
1506000010931
1506000011003
1506000011018
1506000011022
1506000011037
1506000011041
1506000011056
1506000011060
1506000011075
150600001108A
1506000011094
1506000011107
1506000011111
1506000011126
1506000011130
1506000011145
150600001115A
1506000011179
1506000011215
150600001122A
1506000011234
1506000030414
1506000030518
1506000031249
1506000040081
1506000041268
1506000160679
1506000160683
1506000160698
1506000161253
1506000180382
1506000181287
1506000200984
1506000200999
1506000250429
1506000820946
1506000820950
1506000820965
150600082097A
1506000821164
1506000821183
1506000821198
1506000821200
1506000821272
1506100010021
1506100010036
1506100010074
1506100010089
1506100010093
1506100010106
1506100010125
1506100040144
1506100040159
1506100040163
1506100040178
1506100040182
1506100040197
150610004020A
1506500010035
1506500010105
150650001011A
1506500010143
1506500010158
1506500010270
1506500010302
1506500070209
1506500070213
1506500070228
1506500070232
1506500070247
1506500110251
1506500110266
150650011029A
1506500190162
1506500190177
1506800010022
150680001008A
1506800010111
1506800010130
1506800010145
150680001015A
1506800010164
1506800070183
150690001002A
1506900010049
1506900010068
1507000010020
1507000010035
150700001004A
1507000010105
150700001011A
1507000010143
1507000010158
1507000010181
1507000010209
1507000010393
1507000010406
1507000010410
1507000010425
150700001043A
1507000010463
1507000010478
1507000010482
1507000010586
1507000010590
1507000010656
150700001068A
1507000010694
1507000050904
1507000050919
1507000050923
1507000050938
1507000050942
1507000050957
1507000080961
1507000080976
1507000090980
1507000090995
150700013100A
1507000131014
1507000131029
1507000131033
1507000131048
1507000131052
1507000131067
1507000171071
1507000171086
1507000171090
1507000191103
1507000191118
1507000361122
1507000371137
1507000381141
1507000381156
1507000381160
1507000381175
150700038118A
1507000381194
1507000381207
1507000381211
1507000381226
1507000391230
1507000391245
150700040125A
1507000401264
1507000401279
1507000401283
1507000401298
1507000401300
1507000401315
150700040132A
1507000401334
1507000401349
1507000401353
1507000401368
1507000401372
1507000401387
1507000401391
1507000411404
1507000411419
1507000411423
1507000411438
1507000421442
1507000431457
1507000431461
1507500010046
1507500010050
1507500010135
150750001014A
1507500010154
1507500010169
1508100010306
1508100010310
1508100010325
150810001033A
1508100010467
1508100010734
1508100010749
1508100010927
1508100010931
1508100011183
1508100040522
1508100040537
1508100040560
1508100040575
150810004058A
1508100040594
1508100040607
1508100040611
1508100090382
1508100090908
1508100090912
1508100120378
1508100120626
1508100120630
1508100120645
150810012065A
1508100120753
1508100120768
1508100120772
1508100120787
1508100120791
1508100120946
150810012122A
1508100190096
1508100190109
1508100190113
1508100190128
1508100190132
1508100190170
1508100190185
150810019019A
1508100190202
1508100190217
1508100190274
1508100190289
1508100190293
1508100190429
1508100190486
1508100190518
1508100190541
1508100190556
1508100190664
1508100190679
1508100190683
1508100190698
1508100190700
1508100190823
1508100190838
1508100190842
1508100190950
1508100190965
150810019097A
1508100190984
1508100190999
1508100191003
1508100191018
1508100191022
1508100191037
1508100191041
1508100191056
1508100191060
1508100191075
150810019108A
1508100191107
1508100191111
1508100191126
1508100191130
1508100191145
150810019115A
1508100191164
1508100191179
1508100191234
1508100191249
1508100191253
1508100250147
1508100250151
1508100250166
1508100250240
1508100250255
150810025026A
1508100250433
1508100250448
1508100250452
1508100250715
150810025072A
1508100250819
1508100251198
1508100251200
1508100501268
1508100980876
1508100980880
1508100980895
1508100981094
1508300010048
1508300010052
1508300010067
1508300010071
1508300010086
1508400010168
1508400010172
1508400010331
1508400010346
1508400010350
1508400040204
1508400040219
1508400040308
1508400110280
150840011037A
1508400110384
1508400110399
1508400130435
150840013044A
1508400140115
1508400140187
1508400140191
1508400140327
1508400140365
1508400170295
1508400170401
1508400170416
1508400170420
1508900010060
1508900010075
1508900010111
1508900010126
1508900010130
1508900010145
150890001015A
150910001004A
1509100010054
1509100010069
1509100010088
1509100010092
1509100010158
1509100010162
1509100010177
1509100010181
1509100010196
1509100010209
1509100010213
1509100010266
1509100010302
1509100100073
1509200010085
1509200010136
1509200010189
1509200010193
1509200010206
1509200010210
1509200010225
1509200010244
1509200010259
1509200010263
1509200010278
1509200010297
1509200010314
1509200020032
150920002009A
1509200020102
1509200020117
1509200130051
1509200130121
1509200190140
1509200190155
1509200190282
150920020016A
1509200200174
150920020030A
1509300010063
1509300010078
1509300010082
1509300010133
1509300010148
1509300010152
1509300010167
150930003010A
1509300030114
1509300030129
1509300030171
1509300030190
1509300140186
1509400010037
1509400010056
1509400010060
1509400010075
1509400010111
150940002008A
1509400020094
1509400020107
1509500010091
1509500010104
1509500010119
1509500010161
1509500010176
1509500010180
1509500010195
1509500010208
1509500010212
1509500010227
1509500010231
1509500010246
1509500010250
1509500010265
1509500010405
150950001041A
1509500050335
150950021027A
1509500210284
1509500210299
1509500210369
1509500260301
1509500260316
1509500260320
1509500260388
1509500260392
1509500260424
1509500730458
1509500730462
1509500740439
1509500740443
150960001014A
1509600010154
1509600010169
1509600010173
1509600010188
1509600010192
1509600010205
150960001021A
1509600010224
1509600010262
1509600080065
150960008007A
1509600080084
1509600080099
1509600080101
1509600080116
1509600080239
1509600080243
1509600080258
1509900010103
1509900010230
1509900010245
150990001025A
1509900010264
1509900010279
1509900010298
1509900010300
1509900010480
1509900010495
1509900010508
1509900010531
1509900010546
1509900010550
1509900010599
1509900010601
1509900010616
1509900010743
1509900010781
1509900010796
1509900010809
1509900010813
1509900010828
1509900010832
1509900010847
1509900010936
1509900010940
1509900010955
1509900011031
1509900011309
1509900011313
1509900011328
1509900011332
1509900011347
1509900011351
1509900011366
1509900011370
1509900011440
1509900011455
1509900121050
1509900121120
1509900121135
1509900121421
1509900160870
1509900161046
150990016114A
1509900161154
1509900161169
1509900161173
1509900200777
150990022089A
1509900220902
1509900240226
1509900240724
1509900240739
1509900240989
1509900250669
1509900250673
1509900250688
150990025139A
1509900251510
1509900290334
1509900290349
1509900290476
1509900290565
150990029057A
1509900291027
1509900291084
1509900291099
1509900291188
1509900291281
1509900291385
1509900291402
1509900291493
1509900300620
1509900300635
150990030064A
1509900300654
1509900301296
1509900301506
1509900350885
150990035096A
1509900350974
1509900351192
1509900351205
150990035121A
1509900351224
1509900411258
1509900420758
1509900420762
1509900420851
1509900420866
1509900421489
150990043032A
1509900430512
1509900430527
1509900430584
1509900431239
1509900431243
1509900450692
1509900450705
150990045071A
1509900451012
1509900451277
1509900451417
1509900481262
1510000010040
1510000010055
151000001006A
1510000010110
1510000010125
151000001013A
1510000010178
1510000020021
1510000020074
1510000020089
1510000020144
1510000020159
1510000020163
1510000070182
1510000070197
151000007020A
1510000070214
1510000070229
1510000070233
1510000070248
1510000070252
1510300010057
1510300010061
1510300010184
1510300010199
1510300010216
1510300010235
1510300010358
1510300050146
1510300050150
1510300050165
151030005017A
1510300050201
151030005024A
1510300050254
1510300050269
1510300050273
1510300050288
1510300050292
1510300050305
151030005031A
1510300050324
1510300050339
1510300050343
1510400010016
1510400010020
1510400010035
151040001004A
1510400010069
1510400010073
1510400010088
1510400010092
1510400010105
151040001011A
1510400010124
1510400010139
1510400010162
1510400010177
1510400010196
1510400010209
1510400010213
1510400010228
1510400010232
1510400010251
1510400010270
1510400010285
151040001029A
1510400010302
1510400010317
1510400010340
1510400010355
151040001036A
1510400010374
1510400010393
1510400010406
1510400010410
1510400010425
151040001043A
1510400010463
1510400010478
1510400010482
1510400010497
151040001050A
1510400010514
1510400010529
1510400010533
1510400010548
1510400010552
1510400010567
1510400010571
1510400010586
1510400010590
1510400010603
1510400010618
1510400010622
1510400010637
1510400010641
1510400010656
1510400010660
1510400010675
151040001068A
1510400010694
1510400010707
1510400010711
1510400010726
1510400010730
1510400010745
151040001075A
1510400010764
1510400010798
1510400010800
1510400010815
151040001082A
1510400010834
1510400010849
1510400010853
1510400010868
1510400010872
1510400010891
1510400010904
1510400010919
1510400010923
1510400010938
1510400010942
1510400010957
1510400010961
1510400010976
1510400010995
151040001100A
1510400011014
1510400011029
1510400011033
1510400011048
1510400011052
1510400011067
1510400011071
1510400011103
1510400011118
1510400011122
1510400011137
1510400011141
1510400011156
1510400011160
1510400011175
151040001118A
1510400011194
1510400011207
1510400011211
1510400011226
1510400011230
1510400011245
151040001125A
1510400011264
1510400011279
1510400011283
1510400011298
1510400011300
1510400011315
151040001132A
1510400011334
1510400011349
1510400011353
1510400011368
1510400011372
1510400011387
1510400011391
1510400011419
1510400011423
1510400011442
1510400011495
1510400011508
1510400011527
1510400011546
1510400011565
151040001157A
1510400011584
1510400011616
1510400011620
151040001164A
1510400011654
1510400011669
1510400011673
1510400011688
1510400011692
1510400011705
151040001171A
1510400011724
1510400011743
1510400011758
1510400011777
1510400011781
1510400011796
1510400011809
1510400011813
1510400011828
1510400011832
1510400011847
1510400011851
1510400011866
1510400011870
1510400011885
151040001189A
1510400011902
1510400011917
1510400011921
1510400011936
1510400011940
1510400011955
151040001196A
1510400011974
1510400011989
1510400011993
1510400012008
1510400012012
1510400012027
1510400012031
1510400012046
1510400012050
1510400012065
151040001207A
1510400012084
1510400012099
1510400012101
1510400012116
1510400012120
1510400012154
1510400012169
1510400012173
1510400012188
1510400012192
1510400012205
151040001221A
1510400012224
1510400012239
1510400012243
1510400012258
1510400012262
1510400012309
1510400012332
1510400012347
1510400012351
1510400012366
1510401052277
1510401052281
1510401052313
1510401052328
151080001002A
1510800010034
1510800010068
1510800010072
1510800010208
1510800010227
1510800010231
1510800010335
151080001034A
1510800010354
1510800010369
1510800010392
1510800010405
1510800010424
1510800010439
1510800010443
1510800010547
1510800010551
1510800010585
1510800140373
1510800140477
1510800140566
1510800140570
151080063059A
1510900010065
151090001007A
1510900010084
1510900010101
1510900010116
1510900010120
1510900010347
1510900010351
1510900010690
1510900011805
1510900011843
1510900011858
1510900030031
1510900030050
1510900030455
151090003046A
1510900030474
1510900030489
1510900030559
1510900030597
1510900030614
1510900030633
1510900030648
1510900030703
1510900030722
1510900030737
1510900030741
1510900030756
1510900030760
1510900030775
151090003078A
1510900030794
1510900030807
1510900030811
1510900030826
1510900030845
151090003085A
1510900030953
1510900030968
1510900031044
1510900031059
1510900031082
1510900031256
1510900031260
1510900031275
151090003128A
151090003135A
1510900031364
1510900031400
1510900031415
151090003142A
1510900031538
1510900031542
1510900031557
1510900031561
1510900031576
1510900031580
1510900031595
1510900031608
1510900031612
1510900031627
1510900031631
1510900031646
1510900031716
1510900031720
1510900031735
151090003174A
1510900031754
1510900031769
1510900250027
1510900250135
151090025014A
1510900250173
1510900250188
151090025021A
1510900250224
1510900250243
1510900250281
1510900250328
1510900250686
1510900250883
1510900250898
1510900250900
1510900250915
151090025092A
1510900250934
1510900250949
1510900251006
1510900251025
151090025103A
1510900251129
1510900251133
1510900251148
1510900251152
1510900251167
1510900251171
1510900251186
1510900251190
1510900251203
1510900251218
1510900251222
1510900251294
1510900251307
1510900251650
1510900251665
151090025167A
1510900251684
1510900251699
1510900251701
1510900251788
151090025181A
1510900251862
1510900251877
1510900251881
1510900251896
1510900251909
1510900251913
1510900251928
1510900251932
1510900251947
1510900251951
1510900251966
1510900251970
1510900251985
151090025199A
1510900252004
1510900252019
1510900680582
151090068060A
1510900680667
1510900680864
1510900680879
1510900681063
1510900681097
151090068110A
1510900681114
1510900681241
1510900681379
1510900681434
1510900681449
1510900681504
1510900681519
1510900681523
1510900681824
1510900691311
1510900691326
1510900691330
1510900691345
1510900691453
1510900691468
1510900692023
1510900692038
1510900721839
1511200010126
1511200010130
1511200010145
151120001015A
1511200010164
1511200010179
1511200010200
1511200110183
1512000010058
1512000010062
1512000010293
1512000010306
1512000010310
1512000010325
1512000010344
1512000010378
1512000010382
1512000010537
1512000010541
1512000010556
1512000010560
1512000010575
151200001058A
1512000010594
1512000130397
1512000130471
1512000140664
1512000230626
1512000410096
1512000410255
151200041026A
1512000410274
1512000410503
1512000410518
1512000410522
151200045040A
1512000450611
1512000460113
1512000460128
1512000460132
1512000460467
1512000540221
1512000540359
1512000540363
1512000560414
1512000560433
1512000560448
1512000560452
1512000570429
1512001750607
1512001980630
1512001980645
151200204065A
1512100010089
1512100010093
1512100010106
1512100010125
151210001013A
1512100010144
1512100010178
1512100010182
1512100010197
151210001020A
1512100010229
1512100010233
1512100010248
1512100010252
1512100010267
1512100010271
1512100010322
1512100010337
1512100010356
1512100010394
1512100010407
1512100010411
1512100010426
1512100010430
151210001045A
1512100010500
1512100010515
1512100010553
1512100010568
1512100010591
1512100010661
1512100010676
1512100010680
1512100010708
1512100010712
1512100010727
1512100010731
1512100010746
1512100010750
1512100010765
151210001077A
1512100010784
1512100010799
1512100010801
1512100010816
1512100010869
1512100010873
1512100010888
1512100010892
1512100010905
151210001091A
1512100010924
1512100010939
1512100010943
1512100010958
1512100010962
1512100010977
1512100010981
1512100010996
1512100011000
151210001102A
1512100011034
1512100011049
1512100011053
1512100011072
1512100011087
1512100011104
1512100011176
1512100011180
1512100011208
1512100011212
1512100011231
1512100011246
1512100011265
1512100011284
1512100011299
1512100011301
1512100011316
1512100011320
1512100011335
151210001134A
1512100011354
1512100011369
1512100011373
1512100011388
1512100011392
1512100011405
151210001141A
1512100011424
1512100011443
1512100011458
1512100011462
1512100011477
1512100011481
1512100011496
1512100011509
1512100011513
1512100011528
1512100011532
1512100011547
1512100011551
1512100011566
1512100011570
1512100011585
151210001159A
1512100011602
1512100011617
1512100011636
1512100011640
1512100011655
151210001166A
1512100011674
1512100011689
1512100011693
1512100011706
1512100011710
1512100011725
151210001173A
1512100011744
1512100011759
1512100011763
1512100011778
1512100011782
1512100011797
151210001180A
1512100011814
1512100011829
1512100011833
1512100011848
1512100011871
1512100011886
1512100011890
1512100011903
1512100011918
1512100011922
1512100011937
1512100011941
1512100011956
1512100011975
151210001198A
1512100011994
1512100012009
1512100012013
1512100012028
1512100012032
1512100012047
1512100012051
1512100012066
1512100012070
1512100012085
151210001209A
1512100012102
1512100012117
1512100012121
1512100012136
1512100012140
1512100012155
151210001216A
1512100012174
1512100012189
1512100012193
1512100012206
1512100012210
1512100012225
151210001223A
1512100012244
1512100012259
1512100012278
1512100012282
1512100012297
151210001230A
1512100012314
1512100012333
1512100012348
1512100012352
1512100012367
1512100012371
1512100012386
1512100012403
1512100012418
1512100012422
1512100012437
1512100012441
1512100012456
1512100012460
1512100012475
1512100200835
1512100201852
1512100201867
1512100202390
1512200010014
1512200010029
1512200010033
1512200010048
1512200010052
1512200010067
1512200010071
1512200010086
1512200010090
1512200010137
1512200010141
1512200010156
1512200010160
1512200010175
151220001018A
1512200010194
1512200010207
1512200010211
1512200010226
1512200010230
1512200010245
151220001025A
1512200010264
1512200010279
1512200010283
1512200010300
1512200010315
151220001032A
1512200010334
1512200010349
1512200010353
1512200010368
1512200010372
1512200010387
1512200010391
1512200010404
1512200010419
1512200010423
1512200010438
1512200010442
1512200010457
1512200010461
1512200010476
1512200010480
1512200010495
1512200010512
1512200010527
1512200010531
1512200010546
1512200010550
1512200010565
151220001057A
1512200010584
1512200010601
1512200010616
1512200010620
1512200010635
151220001064A
1512200010654
1512200010669
1512200010673
1512200010688
1512200010692
1512200010705
151220001071A
1512200010724
1512200010739
1512200010743
1512200010758
1512200010762
1512200010777
1512200010781
1512200010796
1512200010809
1512200010813
1512200010828
1512200010832
1512200010847
1512200010851
1512200010866
1512200010870
1512200010885
151220001089A
1512200010902
1512200010917
1512200010921
1512200010936
1512200010940
1512200010955
151220001096A
1512200010974
1512200010989
1512200010993
1512200011008
1512200011027
1512200011031
1512200011046
1512200011050
1512200011065
151220001107A
1512200011084
1512200011099
1512200011120
1512200011135
151220001114A
1512200011154
1512500010016
1512500010020
151250001004A