1100700010103
1100700010122
1100700010137
1100700010141
1100700010156
1100700010160
1100700010175
110070001018A
1100700010211
1100700010226
1100700010230
110070001025A
1100700010264
1100700010279
1100700010283
1100700010300
1100700010419
1100700010423
1100700010438
1100700010442
1100700010527
1100700010531
1100700010546
1100700010550
1100700010565
110070001064A
1100700010654
1100700010688
1100700010705
110070001071A
1100700010724
1100700010758
1100700010762
1100700010777
1100700010796
1100700010809
1100700010813
1100700010847
1100700010851
1100700010940
1100700010955
110070001096A
1100700010974
1100700010989
1100700010993
1100700011008
1100700011012
1100700011027
1100700011031
1100700011046
1100700011050
1100700011065
110070001107A
1100700011084
1100700011099
1100700011101
1100700011116
1100700011120
1100700011135
110070001114A
1100700011154
1100700011173
1100700011188
1100700011192
1100700011205
110070001121A
1100700011224
1100700011239
1100700011243
1100700011258
1100700011262
1100700011277
1100700011281
1100700011309
1100700011313
1100700011370
1100700011385
1100700011402
1100700011417
1100700011440
1100700011455
110070001146A
1100700011474
1100700011489
1100700011510
1100700011525
110070001153A
1100700011544
1100700011559
1100700011563
1100700011578
1100700011582
1100700011633
1100700011648
1100700011652
1100700011667
1100700011671
1100700011686
1100700011690
1100700011703
1100700011718
1100700011722
1100700011737
1100700011741
1100700011756
1100700011760
1100700011775
1100700011898
1100700011915
110070001192A
1100700011934
1100700011949
1100700011953
1100700011968
1100700011972
1100700011987
1100700011991
1100700012010
1100700012025
1100700012129
1100700012133
1100700012152
1100700012167
1100700012171
1100700012186
1100700012190
1100700012203
1100700012241
1100700012256
1100700012260
1100700012275
110070001228A
1100700012294
1100700012307
1100700012330
1100700012345
1100700012415
110070001242A
1100700012434
1100700012449
1100700012453
1100700012468
1100700012519
1100700012538
1100700012542
1100700012561
1100700012576
1100700012580
1100700012595
1100700012627
1100700012631
1100700012650
1100700012665
110070001267A
1100700012701
1100700012716
1100700012720
1100700012735
110070001274A
1100700012754
1100700012769
1100700012773
1100700012792
1100700012805
1100700012881
1100700012928
1100700012932
1100700012947
1100701090601
1100701090616
1100701090620
1100701091864
1100701093095
1100701430349
110070143089A
1100701430902
1100701430917
1100701431347
110070143178A
1100701431883
110070143203A
1100701432082
110070143210A
1100701432311
1100701432839
1100701432951
1100701432966
1100701461328
1100701461332
110070146160A
1100701461614
1100701462044
1100701462398
110070146299A
1100701540870
1100701540885
110070154185A
1100701543108
1100701593201
1100701610052
1100701610368
1100701610828
1100701613112
1100701650048
1100701650387
1100701650832
1100701651811
1100701652114
1100701652379
1100701652383
1100701652858
1100701652862
1100701652877
1100701741629
1100701741830
1100701742218
1100701742222
1100701742237
110070174281A
1100701743042
1100701743057
1100701783165
110070178317A
1100701850921
1100701850936
1100701852006
110070185235A
1100701852364
1100702503184
1100702563199
1100702582557
1100900010057
1100900010061
110090001024A
1100900010254
1100900010288
1100900010305
110090001031A
1100900010343
1100900010358
1100900010362
1100900010377
1100900010409
1100900010413
1100900010432
1100900010447
1100900010502
1100900010521
1100900010555
110090001056A
1100900010574
1100900010625
1100900100146
1100900100165
110090010017A
1100900100184
1100900100199
1100900100201
1100900100216
1100900100292
1100900100381
1100900100428
1100900100451
1100900100517
1100900100536
1100900100589
1100900100593
110090010063A
1100900100678
1100900250220
1100900250235
1100900250339
1100900250470
1100900250485
110090025049A
1100900250644
1104400010056
1104400010075
110440001008A
1104400010094
110440001015A
1104400010164
1104400010179
1104400010183
1104400010200
1104400010215
110440001022A
1104400010234
1104400010249
1104400010272
1104400010287
1104400230060
1104400230253
1104400420304
1104400430107
1104400430111
1104400430145
1104400430198
1102000010092
1102000010105
110200001011A
1102000010124
1102000010139
1102000010143
1102000010158
1102000010177
1102000010181
1102000010196
1102000010228
1102000010232
1102000010251
1102000010266
1102000010270
1102000010285
110200001029A
1102000010302
1102000010317
1102000010336
1102000010355
110200001036A
1102000010374
1102000010389
1102000010393
1102000010406
1102000010410
110200001043A
1102000010444
1102000010459
1102000010463
1102000010478
1102000010482
1102000010497
110200001050A
1102000010514
1102000010529
1102000010533
1102000010548
1102000010552
1102000010567
1102000010571
1102000010586
1102000010590
1102000010603
1102000010618
1102000010622
1102000010637
1102000010641
1102000010656
1102000010675
110200001068A
1102000010694
1102000010707
1102000010711
1102000010726
1102000010730
1102000010745
110200001075A
1102000010764
1102000010779
1102000010798
1102000010800
1102000010815
110200001082A
1102000010849
1102000010868
1102000010872
1102000010887
1102000010980
1102000010995
1102000011014
1102000011029
1102000011048
1102000011052
1102000011067
1102000011090
1102000011122
1102000011137
1102000011141
1102000011226
1102000011230
110200001125A
1102000011264
1102000011283
1102000011300
1102000011315
1102000011353
1102000011372
1102000011387
1102000011423
1102000011438
1102000011457
1102000011461
1102000011476
1102000011495
1102000011512
1102000011531
1102000011546
1102000011550
1102000011565
110200001157A
1102000011599
1102000011601
1102000011616
1102000011620
1102000011635
110200001164A
1102000011654
1102000011669
1102000011673
1102000011688
1102000011692
1102000011705
110200001171A
1102000011724
1102000011739
1102000011743
1102000011762
1102000011777
1102000011781
1102000011796
1102000011813
1102000011832
1102000011847
1102000011851
1102000011866
1102000011870
110200001189A
1102000011902
1102000011917
1102000011921
1102000011936
1102000011940
110200001196A
1102000011974
1102000011989
1102000011993
1102000012008
1102000012027
1102000012031
1102000012046
1102000012050
1102000012065
1102000012101
1102000012116
1102000012120
1102000012135
110200001214A
1102000012154
1102000012169
1102000012173
1102000012188
1102000012192
1102000012205
110200001221A
1102000012243
1102000012281
1102000012328
1102000012332
1102000012347
1102000012351
1102000012366
1102000012370
1102000012385
110200001239A
1102000012402
1102000012417
1102000012421
1102000012436
1102000012440
1102000012455
110200001246A
1102000012474
1102000012489
1102000012493
1102000012506
1102000012510
1102000012525
110200001253A
1102000012544
1102000012559
1102000012563
1102000012578
1102000012582
1102000012597
110200001260A
1102000012614
1102000012629
1102000012633
1102000012648
1102000012652
1102000012667
1102000012671
1102000012686
1102000012690
1102000012703
1102000012718
1102000012722
1102000012737
1102000012741
1102000012756
1102000012760
1102000012775
110200001278A
1102000012794
1102000012811
1102000012826
1102000012845
110200001285A
1102000012864
1102000012883
1102000012898
1102000012900
1102000012915
110200001292A
1102000012934
1102000012949
1102000012953
1102000012968
1102000012972
1102000012987
1102000012991
1102000013006
1102000013010
1102000013025
110200001303A
1102000013044
1102000013059
1102000013063
1102000013078
1102000013082
1102000013097
110200001310A
1102000013114
1102000013133
1102000013148
1102000013152
1102000013167
1102000013171
1102000013186
1102000013203
1102000013218
1102000013222
1102000013241
1102000013256
1102000013260
1102000013275
110200001328A
1102000013294
1102000013307
1102000013311
1102000013326
1102000013330
1102000013345
110200001335A
1102000013364
1102000013379
1102000013383
1102000013400
1102000013434
1102000013449
1102000013453
1102000013468
1102000013472
1102000013487
1102000013504
1102000013519
1102000013523
1102000013538
1102000013542
1102000013557
1102000013561
1102000013576
1102000013580
1102000013595
1102000013608
1102000013612
1102000013627
1102000013631
1102000013650
110200001367A
1102000013839
1102000013843
1102000013858
1102000013862
1102000013877
1102000013896
1102000013909
1102000013913
1102000013928
1102000013932
1102000013947
1102000013951
1102000013966
1102000013970
1102000013985
110200001399A
1102000014004
1102000014019
1102000014023
1102000014038
1102000014042
1102000014127
1102000014131
1102000014146
1102000014150
1102000014165
110200001417A
1102000014184
1102000014199
1102000014201
1102000014216
1102000014220
110200001424A
1102000014254
1102000014466
1102000014470
1102000014485
110200001449A
1102000014502
1102000014517
1102000014521
1102000014536
1102000014540
1102000014555
110200001456A
1102000014574
1102000014589
1102000014593
1102000014606
1102000014610
1102000014625
110200001463A
1102000014644
1102000014659
1102000014663
1102000014678
1102000014697
110200001470A
1102000014729
1102000014733
1102000014752
1102000014767
1102000014771
1102000014786
1102000014790
1102000014803
1102000014818
1102000014822
1102000014837
1102000014841
1102000014856
1102000014875
110200001488A
1102000014894
1102000014907
1102000014911
1102000014926
1102000014930
1102000014945
110200001495A
1102000014964
1102000014979
1102000014983
1102000014998
1102000015002
1102000015017
1102000015036
1102000015040
1102000015055
110200001506A
1102000015074
1102000015089
110200001513A
1102000015144
1102000015290
1102000015303
1102000015318
1102000015322
1102000015337
1102000015341
1102000015356
1102000015360
1102000015375
110200001538A
1102000015394
1102000015407
1102000015411
1102000015426
110200001545A
1102000015464
1102000015479
1102000015483
1102000015498
1102000015500
110200001552A
1102000015534
1102000015549
1102000015553
1102000015572
1102000015587
1102000015591
1102000015604
1102000015619
1102000015623
1102000015638
1102000015642
1102000015657
1102000015676
1102000015680
1102000015695
1102000015708
1102000015712
1102000015727
1102000015731
1102000015750
110200001577A
1102000015784
1102000015799
1102000015835
110200001584A
1102000015958
1102000015962
1102000015981
1102000015996
110200001602A
1102000016034
1102000016053
1102000016068
1102000016231
1102000016246
1102003170919
1102003173665
1102003173805
1102003174343
1102003174358
1102003174362
1102003175125
1102003175214
1102003175229
1102003175233
1102003175248
1102003175252
1102003583701
1102004010923
1102004516299
1102004516301
1102004525568
1102004525746
1102004526119
1102004526123
1102004526138
1102004586316
1102004643716
1102004645924
110200703381A
1102007033824
1102007034061
1102007034076
1102007034080
1102007034095
1102007034108
1102007034409
1102007034413
1102007034428
1102007034432
1102007034447
1102007034451
1102007035159
1102007035163
1102007035178
110200703591A
1102007035939
1102007036142
1102007036157
1102007036176
1102007036180
1102007036195
1102007852262
1102007852277
1102007852296
1102007852309
1102007852313
1102007853415
110200785342A
1102007853684
1102007853699
1102007853754
1102007853769
1102007853773
1102007854269
1102007854273
1102007854292
1102007854305
110200785431A
1102007854324
1102007854396
1102007855267
1102007855271
1102007855286
1102007855854
1102007855869
1102007855873
1102007855888
1102007855892
1102007855905
1102007856208
1102007856212
1102007866320
1102007866335
1102009753788
1102009753792
1102009754112
1102009754288
1102009754377
1102009754381
1102009755093
1102009755106
1102009755182
1102009755197
110200975520A
1102009755765
1102009756227
1103700010047
1103700010051
1103700010066
1103700010070
1103700010085
110370001009A
1103700010102
1103700010206
1103700010210
1103700010225
110370001023A
1103700010263
1103700010278
1103700010282
1103700010297
110370001030A
1103700010314
1103700010329
1103700010333
1103700010403
1103700010418
1103700010422
1103700010530
1103700010545
110370001055A
1103700010564
1103700010579
1103700010583
1103700010598
1103700010600
1103700010615
110370001062A
1103700010634
1103700010649
1103700010653
1103700010691
1103700010723
1103700010742
1103700010757
1103700040155
1103700060244
1103700060259
1103700060371
1103700060386
1103700060441
1103700060475
110370006048A
1103700060494
1103700060668
1103700190140
1103700190460
1103700190526
1103700220352
1103700220367
1103700240672
1103700910687
1103701910831
1103701910846