1403900010026
1403900010030
140390001005A
1403900010064
1403900010083
1403900010115
1403900010134
1403900010149
1403900010153
1403900010191
1403900010204
1403900010223
1403900010238
1403900010261
1403900010276
1403900010280
1403900010295
1403900010308
1403900010312
1403900010327
1403900010346
1403900010350
1403900010365
140390001037A
1403900010384
1403900010399
1403900010401
1403900010416
1403900010435
140390001044A
1403900010454
1403900010469
1403900010473
1403900010492
1403900010505
140390001051A
1403900010524
1403900010539
1403900010543
1403900010562
1403900010577
1403900010596
1403900010609
1403900010613
1403900010632
1403900010647
1403900010651
1403900010666
1403900010670
1403900010685
140390001069A
1403900010702
1403900010717
1403900010721
1403900010736
1403900010740
1403900010755
1403900010774
1403900010789
1403900010793
1403900010806
1403900010810
1403900010825
140390001083A
1403900010844
1403900010859
1403900010863
1403900010878
1403900010882
1403900010897
140390001090A
1403900010929
1403900010933
1403900010948
1403900010952
1403900010967
1403900010971
1403900010986
1403900010990
1403900011005
140390001101A
1403900011024
1403900011039
1403900011043
1403900011062
1403900011077
1403900011081
1403900011096
1403900011109
1403900011113
1403900011128
1403900011132
1403900011147
1403900011151
1403900011166
1403900011170
1403900011185
140390001119A
1403900011202
1403900011217
1403900011221
1403900011236
1403900011274
1403900011289
1403900011293
1403900011306
1403900011310
1403900011325
140390001133A
1403900011344
1403900011359
1403900011363
1403900011378
1403900011382
1403900011397
140390001140A
1403900011414
1403900011429
1403900011433
1403900011448
1403900011452
1403900011467
1403900011471
1403900011490
1403900011518
1403900011537
1403900011556
1403900011560
1403900011575
140390001158A
1403900011594
1403900011607
1403900011626
1403900011630
1403900011645
140390001165A
1403900011664
1403900011679
1403900011683
1403900011698
1403900011700
1403900011715
140390001172A
1403900011734
1403900011753
1403900011768
1403900011787
1403900011791
1403900011804
1403900011819
1403900011823
1403900011838
1403900011842
1403900011857
1403900011861
1403900011876
1403900011880
1403900011895
1403900011908
1403900011912
1403900011927
1403900011931
1403900011946
1403900011950
1403900011965
140390001197A
1403900011984
1403900011999
1403900012003
1403900012018
1403900012022
1403900012037
1403900012041
1403900012056
1403900012107
1403900012111
1403900012126
1403900012130
1403900012145
140390001215A
1403900012164
1403900012179
1403900012183
1403900012200
1403900012215
1403900012249
1403900012253
1403900012268
1403900012272
1403900012287
1403900012291
1403900012304
1403900012319
1403900012342
1403900012357
1403900012361
1403900012376
1403900012380
1403900012395
1403900012408
1403900012427
1403900012431
1403900012446
1403900012501
1403900012516
1403900012520
1403900012535
140390001254A
1403900012554
1403900012569
1403900012588
1403900012592
1403900012605
140390001261A
1403900012624
1403900012639
1403900012662
1403900012677
1403900012681
1403900012696
1403900012709
1403900012713
1403900012728
1403900012785
140390001279A
1403900012802
140390001286A
1403900013001
1403900013016
1403900013020
1403900013088
1403900013143
1403900013177
1403900013209
1403900013317
1403900013321
1403900013336
1403900013340
1403900013374
1403900013406
1403900013482
140390001350A
1403900013514
1403900013529
1403900013533
1403900013548
1403900013552
1403900013567
1403900013586
1403900013590
1403900013603
1403900013618
1403900013637
1403900013641
1403900013656
1403900013660
140390001368A
1403900013694
1403900013707
1403900013711
1403900013726
1403900013730
1403900013745
1403900013764
1403900013783
1403900013798
1403900013800
1403900013815
140390001382A
1403900013834
1403900013849
1403900013853
1403900013868
1403900013872
1403900013891
1403900013904
1403900013919
1403900013923
1403900013938
1403900013942
1403900013957
1403900013961
1403900013976
1403900013980
1403900013995
140390001400A
1403900014014
1403900014029
1403900014033
1403900014048
1403900014052
1403900014067
1403900014071
1403900014086
1403900014090
1403900014103
1403900014118
1403900014122
1403900014141
1403900014156
1403900014160
1403900014175
140390001418A
1403900014194
1403900014207
1403900014211
1403900014226
1403900014230
1403900014245
140390001425A
1403900014264
1403900014279
1403900014283
1403900014298
1403900014300
1403900014349
1403900014353
1403900014368
1403900014387
1403900014391
1403900014404
1403900014423
1403900014438
1403900014442
1403900014457
1403900014461
1403900014476
1403900014480
1403900014495
1403900014508
1403900014512
1403900014527
1403900014531
1403900014546
1403900014550
140390001457A
1403900014584
1403900014599
1403900014601
1403900014616
1403900014620
1403900014635
140390001464A
1403900014654
1403900014669
1403900014673
1403900014705
140390001471A
1403900014724
1403900014743
1403900014762
1403900014777
1403900014781
1403900014796
1403900014809
1403900014813
1403900014828
1403900014832
1403900014847
1403900014851
1403900014866
1403900014870
1403900014885
140390001489A
1403900014902
1403900014917
1403900014921
1403900014936
1403900014940
1403900014955
140390001496A
1403900014974
1403900014989
1403900014993
1403900015008
1403900015012
1403900015027
1403900015031
1403900015046
1403900015050
1403900015065
140390001507A
1403900015084
1403900015099
1403900015101
1403900015116
1403900015120
1403900015135
140390001514A
1403900015154
1403900015169
1403900015173
1403900015188
1403900015192
1403900015205
140390001521A
1403900015224
1403900015243
1403900015258
1403900015262
1403900015277
1403900015281
1403900015296
1403900015309
1403900015313
1403900015328
1403900015332
1403900015347
1403900015351
1403900015366
1403900015370
1403900015385
140390001539A
1403900015402
1403900015417
1403900015421
1403900015436
1403900015440
140390001546A
1403900015474
1403900015489
1403900015493
1403900015506
1403900015510
1403900015525
140390001553A
1403900015544
1403900015559
1403900015563
1403900015578
1403900015582
1403900015597
140390001560A
1403900015614
1403900015629
1403900015648
1403900015652
1403900015667
1403900015671
1404400010064
1404400010079
1404400010083
1404400010098
1404400010100
140440002005A
1404400020115
140440002012A
1404400020134
1404400020149
1404400020153
1404400020168
1404400020172
1404400020187
1404400050257
1404400050261
1404400050276
1404400100223
1404400100238
1404400100242
1404400160191
1404400160204
140510001004A
1405100010054
1405100010069
1405100010073
1405100010088
1405100010092
140510001011A
1405100010124
1405100010139
1405100010143
1405100010158
1405100010162
1407000010030
1407000010045
1407000010098
1407000010100
1407000010115
140700001012A
1407000010134
140700001037A
1407000010384
1407000010399
1407000010539
1407000010581
1407000010685
140700001069A
1407000010702
1407000010717
1407000010914
1407000010929
1407000011043
1407000011217
1407000011240
1407000011289
140700013005A
1407000130083
1407000130238
1407000130327
1407000130350
1407000130365
1407000130401
1407000130416
1407000130420
1407000130435
1407000130596
1407000140219
1407000140223
1407000140276
1407000140280
1407000140346
140700014044A
1407000140454
1407000140469
1407000140473
1407000140488
1407000140543
1407000140558
1407000140609
1407000140774
1407000140810
1407000140825
140700014083A
1407000140844
1407000140859
1407000140948
1407000141077
1407000200079
1407000200191
1407000200204
1407000200242
1407000200261
1407000200613
1407000200789
1407000200793
1407000200933
1407000201221
1407000201236
1407000201255
1407000210721
1407000210736
1407000210740
1407000210755
140700021076A
1407000210967
1407000211005
140700021101A
1407000211096
1407000211109
1407000211113
1407000211128
1407000211151
1407000211185
140700021119A
1407000430295
1407000430308
1407000430492
1407000430505
1407000430647
1407000430651
1407000430666
1407000430806
1407000430897
140700043090A
1407000430971
1407000430990
1407000431024
1407000431039
1407000431081
1407000431132
1407000431147
1407000431202
1407000641293
1407000641306
1407001111310
1407001111325
140700111133A
1407001111344
1407001111359
1409700010195
1409700010208
1409700010212
1409700010513
1409700010528
1409700010532
1409700010636
1409700010918
1409700010922
1409700010937
1409700010941
1409700011085
140970001109A
1409700011102
1409700011117
1409700011136
1409700011371
1409700011386
1409700012098
1409700012100
1409700012115
140970001212A
1409700012134
1409700012346
1409700012473
1409700050335
140970005034A
1409700050655
140970005066A
1409700051314
1409700051329
1409700052581
1409700092810
1409700092825
140970009283A
1409700092844
1409700092859
1409700092863
1409700092878
1409700092882
1409700092897
1409700150227
1409700150674
1409700150693
1409700150706
1409700150710
1409700150725
1409700150956
1409700150960
1409700151333
1409700151723
1409700152064
1409700152539
1409700201013
1409700232755
140970023276A
1409700250299
1409700250354
1409700250369
1409700250458
1409700250462
1409700250477
1409700250759
1409700250763
1409700250778
1409700250782
1409700250797
140970025080A
1409700250814
1409700250994
1409700251193
1409700251206
1409700251210
1409700251225
1409700251297
140970025130A
1409700251390
1409700251403
1409700251418
1409700251422
1409700251456
1409700251460
1409700251988
1409700252191
1409700252223
1409700252295
1409700252399
1409700252543
1409700252562
1409700252609
1409700312774
1409700312789
1409700320053
1409700320180
1409700320265
140970032027A
1409700320284
1409700320481
1409700320496
1409700320509
1409700320829
1409700320833
1409700321140
1409700321155
140970032116A
1409700321174
1409700321189
1409700321437
1409700321441
1409700321831
1409700321850
1409700340250
1409700340373
1409700340388
1409700340547
1409700340848
1409700341352
1409700341367
1409700342079
1409700342350
1409700342505
1409700350138
1409700350231
1409700350246
1409700350392
1409700350405
1409700350551
1409700350852
1409700350867
1409700351742
1409700351757
1409700352435
1409700381795
1409700381808
1409700381812
1409700381827
1409700382242
1409700382257
1409700382261
1409700382524
1409700411009
1409700411259
1409700411263
1409700412149
1409700432613
1409700432628
1409700931028
1409701150871
1409701150886
1409701150890
1409701151278
1409701151511
1409701151992
1409701152596
1409701800301
1409701801047
140970180123A
1409701801244
1409701802577
1409704240570
1409704240975
140970424098A
1409704241761
1409704241776
1409705601032
1409705601719
1409707771780
1409707772365
140970777244A
1409708221526
1409708221530
1409708221545
140970822155A
1409708221564
1409708221579
1409708221583
1409708221598
1409708221600
1409708221615
1409708221899
1409708221901
1409708221916
1409708221920
1409708221935
140970822194A
1409708221954
1409708221969
1409708221973
1409708222153
1409708222168
1409708222172
1409708222219
1409708222469
140970822251A
1409708311634
1409708311649
1409708311653
1409708312011
1409708312026
1409708312045
140970831205A
1409708312187
1409708331475
140970833148A
1409708331494
1409708331507
140970833162A
1409708331865
1409708332276
1409708332280
1409708332454
1409708352721
1409708352736
1409708352740
1409708362793
1409708362806
1409708432632
1409708432647
1409708432651
1409708432666
1409708432670
1409708432685
140970843269A
1409708432702
1409708432717
1409708441687
1409708441691
1409708441704
1409708531668
1409708531672
140970853187A
1409708531884
1409708532083
1409708532238
140970862290A
1409708622914
1409708622929
1409800010031
1409800010046
1409800010050
140980001007A
1409800010084
1409800010101
1409800010116
1409800010120
1409800010262
1409800010281
1409800010296
1409800010347
1409800010351
1409800010370
1409800010385
1409800010474
1409800010506
1409800010525
140980001053A
1409800010597
1409800010671
1409800010690
1409800010718
1409800010775
1409800010794
1409800010807
140980001085A
1409800010879
1409800010883
1409800010898
1409800010953
1409800010968
1409800010972
1409800010987
1409800010991
140980001103A
1409800011044
1409800011059
1409800011063
1409800011078
1409800011082
1409800011097
140980001110A
1409800011152
1409800011167
1409800011171
1409800011186
1409800011190
1409800011203
1409800011218
1409800011222
1409800011237
1409800011241
1409800011256
1409800011260
1409800011294
1409800011330
1409800011345
140980001135A
1409800011364
1409800011379
1409800011383
1409800011398
140980001142A
1409800011434
1409800011449
1409800011453
1409800011468
1409800011491
1409800011504
1409800011519
1409800011538
1409800011542
1409800011576
1409800011595
1409800011608
1409800011631
1409800011646
1409800011650
1409800011665
140980001167A
1409800011684
1409800011699
1409800011701
1409800011716
1409800011720
1409800011735
1409800011769
1409800011773
1409800011788
1409800011792
1409800011805
140980001181A
1409800011824
1409800011839
1409800011843
1409800011858
1409800011862
1409800011877
1409800011909
1409800011913
1409800011928
1409800011951
1409800011966
1409800011970
1409800011985
1409800012004
1409800012042
1409800012061
1409800012076
1409800012080
1409800012108
1409800012112
1409800012131
1409800012150
1409800012165
140980001217A
1409800012199
1409800012201
1409800012216
1409800012220
1409800012235
140980001224A
1409800012254
1409800012269
1409800012273
1409800012292
1409800012343
1409800012358
1409800012362
1409800012377
1409800012381
1409800012413
1409800012428
1409800012432
1409800012447
1409800012451
1409800012466
1409800012470
1409800012485
140980001249A
1409800012502
1409800012536
1409800012540
1409800012555
140980001256A
1409800012574
1409800012589
1409800012606
1409800012610
1409800012625
140980001263A
1409800012644
1409800012659
1409800012663
1409800012697
140980001270A
1409800012714
1409800012729
1409800012733
1409800012748
1409800012752
1409800012767
1409800012771
1409800012786
1409800012790
1409800012803
1409800012818
1409800012822
1409800012837
1409800012841
1409800012856
1409800012860
1409800012894
1409800012907
1409800012911
1409800012926
1409800012930
1409800012964
1409800012979
1409800012983
1409800013002
1409800013036
1409800013040
1409800013055
140980001306A
1409800013074
1409800013089
1409800013125
1409800013144
1409800013163
1409800140027
1409800141114
1409800141129
1409800142019
1409800142023
1409800142038
1409800142127
1409800142945
140980014295A
1409800143017
1409800143159
1409800143178
1409801282875
140980128288A
1410100010147
1410100010151
141010001019A
1410100010202
1410100010310
1410100010363
1410100010378
1410100010382
1410100010397
141010001040A
1410100010433
1410100010448
1410100010452
1410100010471
1410100010486
1410100010490
1410100010503
1410100010518
1410100010522
1410100010537
1410100010541
1410100010556
1410100010575
1410100010594
1410100010607
1410100010611
1410100010626
1410100010630
1410100010645
141010001065A
1410100010679
1410100010700
1410100010715
141010001072A
1410100010734
1410100010749
1410100010753
1410100010768
1410100010772
1410100010787
1410100010791
1410100010819
1410100010823
1410100010842
1410100010857
1410100010861
1410100010880
1410100010895
1410100010912
1410100010927
1410100010931
1410100010946
1410100010950
1410100010965
141010001097A
1410100010984
1410100010999
1410100011003
1410100011018
1410100011022
1410100011037
1410100011041
1410100011056
1410100011075
141010001108A
1410100011094
1410100011107
1410100011126
1410100011130
1410100011145
141010001115A
1410100011164
1410100011179
1410100011183
1410100011198
1410100011200
1410100011215
1410100011268
1410100011272
1410100011287
1410100011304
1410100011319
1410100011323
1410100011338
1410100011357
1410100011361
1410100011376
1410100011395
1410100011408
1410100011412
1410100011427
1410100011431
1410100011446
141010001147A
1410100011484
1410100011499
1410100011501
1410100011516
1410100011554
1410100011569
1410100011573
1410100011588
1410100011592
1410100011605
141010001161A
1410100011624
1410100011639
1410100011643
1410100011658
1410100011728
1410100011732
1410100011747
1410100011751
1410100011766
1410100011770
141010001179A
1410100011817
1410100011821
1410100011836
1410100011874
1410100011889
1410100011906
1410100011982
1410100011997
1410100012001
1410100012016
1410100012020
1410100012035
141010001204A
1410100012054
1410100012069
1410100012073
1410100012088
1410100012251
1410100012266
1410100012270
1410100091450
1410100091465
1410100091535
1410100091662
1410100091677
1410100091681
1410100091696
1410100091713
1410100091802
1410100091840
1410100091855
1410100091893
1410100091910
1410100091925
141010009193A
1410100091944
1410100092092
1410100092105
141010009211A
1410100092124
1410100092139
1410100092143
1410100092158
1410100092162
1410100092181
1410100092196
1410100092209
1410100092213
1410100092228
1410100092232
1410100092247
1410100260683
1410100260698
141010026122A
1410100261249
141010026154A
1410100261709
1410100261785
141010026186A
1410100262285
1410100272336
1410100272340
1410100272355
141010027236A
1410100312317
1410100312321
1410101902374
1412000010212
1412000010227
1412000010231
1412000010246
1412000010265
141200001027A
1412000010354
1412000010369
1412000010373
1412000010392
1412000010405
1412000010547
1412000010602
1412000010617
1412000010636
1412000010640
1412000010655
141200001066A
1412000010689
1412000010706
1412000010710
1412000010814
1412000010890
1412000010918
1412000010937
1412000010975
141200001098A
1412000010994
1412000011009
1412000011032
1412000011121
1412000011155
141200001116A
1412000011189
1412000011193
1412000011206
1412000011210
1412000011225
1412000011278
1412000011282
1412000011297
1412000011418
1412000011441
1412000011460
1412000011526
1412000011579
1412000011634
1412000011649
1412000011653
1412000011687
1412000011691
1412000011723
1412000011742
1412000011757
1412000011795
1412000011808
1412000011812
1412000011846
1412000011850
1412000011865
141200001187A
1412000011884
1412000011899
1412000011901
1412000011920
1412000011935
141200001194A
1412000012064
1412000012115
141200001212A
1412000012134
1412000012172
1412000012204
1412000012219
1412000012223
1412000012238
1412000012242
1412000012257
1412000012261
1412000012276
1412000012280
1412000012295
1412000012308
1412000012312
1412000012327
1412000012331
1412000012346
1412000012350
1412000012365
141200001237A
1412000012384
1412000012399
1412000012401
1412000012416
1412000012420
1412000012435
141200001244A
1412000012454
1412000012469
1412000012473
1412000012488
1412000012492
1412000012505
141200001251A
1412000012524
1412000012539
1412000012543
1412000012558
1412000012562
1412000012596
1412000012609
1412000012613
1412000012628
1412000012632
1412000012647
1412000012651
1412000012666
1412000012670
1412000012685
141200001269A
1412000012702
1412000012717
1412000012721
1412000012755
1412000012774
1412000012789
1412000012793
1412000012806
1412000012810
1412000012825
141200001283A
1412000012844
1412000012863
1412000012882
1412000012897
141200001290A
1412000012914
1412000012929
1412000012933
1412000012948
1412000012952
1412000012967
1412000012971
1412000012986
1412000012990
1412000013005
141200001301A
1412000013039
1412000013043
1412000013058
1412000013062
1412000013077
1412000013081
1412000013096
1412000013113
1412000013128
1412000013132
1412000013147
1412000013151
1412000013166
1412000013170
1412000013185
141200001319A
1412000013202
1412000013217
1412000013236
141200001326A
1412000013274
1412000013289
1412000013293
1412000013306
1412000013310
1412000013325
1412000013378
1412000013382
1412000013397
141200001340A
1412000013414
1412000013429
1412000013433
1412000013448
1412000013452
1412000013486
1412000013490
1412000013503
1412000013518
1412000013556
1412000013560
1412000013575
1412000013594
1412000013607
1412000013611
1412000013626
1412000013630
1412000013645
141200001365A
1412000013664
1412000013679
1412000013683
1412000013698
1412000013700
1412000013715
141200001372A
1412000013734
1412000013768
1412000013772
1412000013787
1412000013791
1412000013804
1412000013819
1412000013857
1412000013861
1412000013876
1412000013950
141200001397A
1412000013984
1412000014060
1412000014075
141200001408A
1412000014094
1412000014107
1412000014111
1412000014126
1412000014130
1412000014183
1412000014198
1412000014200
1412000014215
141200001422A
1412000014234
1412000014249
1412000014253
1412000014268
1412000014272
1412000014287
1412000014291
1412000014304
1412000014319
1412000014323
1412000014338
1412000014342
1412000014357
1412000014361
1412000014376
1412000014380
1412000014395
1412000014408
1412000014412
1412000014427
1412000014431
1412000014446
1412000014450
1412000014465
141200001447A
1412000014484
1412000014499
1412000014501
1412000014516
1412000014520
1412000014535
141200001454A
1412000014554
1412000014569
1412000014573
1412000014588
1412000014592
1412000014605
141200001461A
1412000014643
1412000014658
1412000014662
1412000014677
1412000014728
1412000014732
1412000014770
141200001479A
1412000014821
1412000014840
1412000014855
141200001486A
1412000014874
1412000014889
1412000014925
1412000014963
1412000014978
1412000015105
1412000015124
1412000015139
1412000015143
1412000015158
1412000015162
1412000015177
1412000015181
1412000015196
1412000015209
1412000015213
1412000015228
1412000015251
1412000015266
1412000015270
1412000015285
141200001529A
1412000015302
1412000015317
1412000015336
1412000015340
1412000015355
141200001536A
1412000015374
1412000015444
1412000015459
1412000015463
1412000015478
1412000015482
1412000015497
141200001550A
1412000015533
1412000015548
1412000015552
1412000015622
1412000015637
1412000015641
1412000015656
1412000015660
1412000015675
1412000015694
1412000015745
141200001575A
1412000015798
1412000015800
1412000015815
141200001582A
1412000015834
1412000015849
1412000015938
1412000015942
141200001600A
1412000016014
1412000016029
1412000016033
1412000016048
1412000016052
1412000016067
1412000016071
1412000016086
1412000016103
1412000016118
1412000016122
1412000016141
1412000016175
1412000016283
1412000016298
1412000016300
1412000016315
1412000016391
1412000016438
1412000016495
1412000016508
1412000016512
1412000016527
1412000016531
1412000016546
1412000016550
1412000016565
141200001657A
1412000016584
1412000016599
1412000016601
1412000016616
1412000016620
1412000016635
141200001664A
1412000016705
141200001671A
1412000016724
1412000016739
1412000016743
1412000016758
1412000016762
1412000016777
1412000016781
1412000016796
1412000016809
1412000016813
1412000016828
1412000016832
1412000016847
1412000016851
1412000016866
1412000016870
1412000016885
141200001689A
1412000016902
1412000016917
1412000016921
1412001395980
1412001395995
141200206504A
1412002065054
1412002312026
1412002312045
141200231205A
1412002312079
1412002313823
1412002313838
1412002313842
1412002313895
1412002313999
1412002314003
1412002314145
141200231415A
1412002314164
1412002314179
1412002314817
1412002315035
1412002315590
1412002315618
1412002315726
1412002315730
1412002315779
1412002315872
1412002315887
1412002316207
1412002316211
1412002316226
1412002316230
1412002316245
141200231625A
1412002316404
1412002316654
1412002316669
1412002316673
1412002316688
1412002316692
1412002434709
1412002434713
1412004306936
1412004306940
1412004306955