1700700010011
1700700010026
1700700010030
1700700010045
170070001005A
1700700010064
1700700010079
1700700010083
170070001012A
1700700010149
1700700010153
1700700010168
1700700010172
1700700010187
1700700010191
1700700010204
1700700010219
1700700010223
1700700010242
1700700010257
1700700010261
1700700010280
1700700010295
1700700010308
1700700010312
1700700010327
1700700010331
1700700010346
1700700010350
1700700010365
170070001037A
1700700010401
1700700010416
170070001044A
1700700010454
1700700010492
1700700010505
170070001051A
1700700010524
1700700010543
1700700010558
1700700010562
1700700010577
1700700010581
1700700010596
1700700010609
1700700010666
1700700010670
1700700010685
170070001069A
1700700010717
1700700010721
1700700010736
1700700010740
170070001076A
1700700010806
1700700010810
1700700010825
170070001083A
1700700010844
1700700010859
1700700010863
1700700010878
1700700010882
1700700010897
1700700010967
1700700010971
1700700010986
1700700010990
1700700011005
170070001101A
1700700011024
1700700011039
1700700011062
1700700011077
1700700011081
1700700011109
1700700011113
1700700011128
1700700011132
1700700011147
1700700011151
1700700011166
1700700011217
1700700011221
1700700011236
1700700011240
1700700011255
170070001126A
1700700011274
1700700011289
1700700011293
1700700011306
1700700011310
1700700011325
170070001133A
1700700011344
1700700011359
1700700011363
1700700011378
1700700011382
1700700011397
170070001140A
1700700011414
1700700011429
1700700011433
1700700011448
1700700011452
1700700011467
1700700011471
1700700011486
1700700011490
1700700011503
1700700011518
1700700011556
1700700011560
1700700011607
1700700751611
1700701251522
1700701251537
1700701251541
1700701251575
170070125158A
1700701251594
1700800010038
1700800010112
1700800010131
1700800010146
1700800010150
1700800010165
1700800010184
1700800010201
1700800010235
170080001024A
1700800010254
1700800010305
170080001031A
1700800010343
1700800010358
1700800010362
1700800010377
1700800010396
1700800010409
1700800010555
1700800030610
1700800030625
170080003063A
1700800030644
170080004017A
1700800040273
1700800040381
1700800040413
1700800040428
1700800040470
1700800050057
1700800050061
1700800050095
1700800050216
1700800050220
1700800050269
1700800050324
1700800050339
1700800500432
1700800500447
1700800500451
1700800500466
1700800500485
170080050049A
1700800500502
1700800500517
1700800500521
1700900010035
1700900010073
1700900170088
1700900170092
1700900170105
170090017011A
1701100010122
1701100010137
1701100010156
1701100010160
1701100010175
1701100010207
1701100010211
1701100010230
1701100010245
1701100010315
170110001032A
1701100010334
1701100010349
1701100010368
1701100010372
1701100010387
1701100010391
1701100010404
1701100010419
1701100010423
1701100010438
1701100010495
1701100010527
1701100010531
1701100010550
1701100010565
170110001057A
1701100010584
1701100010601
1701100010616
1701100010620
1701100010635
170110001064A
1701100010654
1701100010669
1701100010673
1701100010688
1701100010692
1701100010705
170110001071A
1701100010724
1701100010739
1701100010743
1701100010758
1701100010762
1701100010777
1701100010781
1701100010813
1701100010828
1701100010832
1701100010847
1701100010851
1701100010955
170110001096A
1701100010974
1701100010989
1701100011027
1701100011065
170110001107A
1701100011084
1701100011099
1701100011101
1701100011173
1701100011188
1701100011192
1701100040071
1701100040476
1701100090067
1701100090461
1701100090796
1701100090809
1701100090866
1701100090870
1701100090885
1701100090917
1701100090921
1701100090936
1701100090940
1701100090993
1701100091008
1701100091012
1701100091116
1701100091120
1701100091135
170110009114A
1701100091154
1701100091169
1701100091243
1701100091258
1701100091262
1701100280508
1701100280512
170110028089A
1701100280902
1701100281031
1701100281046
1701100281050
1701100281205
170110028121A
1701100281239
1702000010028
1702000010066
170200001009A
1702000010102
1702000010140
170200001016A
1702000010174
1702000010259
1702000010263
1702000060051
1702000060121
1702000060136
1702000060210
1702001020244
170240001021A
1702400010224
1702400010239
1702400010277
1702400010281
1702400010296
1702400010309
1702400010402
1702400010455
170240001046A
1702400010510
1702400070366
1702400070506
1702400120050
1702400120099
1702400120101
1702400120116
1702400120120
1702400120351
1702400120474
1702400120489
1702400120493
1702400130065
1702400130173
1702400130188
1702400130192
1702400130243
1702400130313
1702400130328
1702400130417
1702400130421
1702400130436
1702800010045
1702800010187
1702800010242
1702800010257
1702800010327
1702800010346
1702800010350
1702800010365
1702800010420
1702800010435
170280001044A
1702800010488
1702800010524
1702800010539
1702800010543
1702800010558
1702800010562
1702800010651
1702800010666
1702800010670
170280001069A
1702800010717
1702800020026
1702800020083
1702800020098
1702800020276
1702800020454
1702800020492
1702800020577
1702800020581
1702800020685
1702800030473
1702800030702
170280006037A
1702800060384
1702800060505
170280030012A
1702800300134
1702800300149
1702800300153
1702800300168
1702800300172
1702800300204
1702800300219
1702800300223
1702800300238
1702800300280
1702800300399
1702800300416
1702800300469
1702800300596
1702800300609
1702800300613
1702800300628