1903900010029
1903900010033
1903900010048
1903900010052
1903900010067
1903900010071
1903900010103
1903900010118
1903900010122
1903900010137
1903900010141
1903900010156
1903900010160
1903900010175
190390001018A
1903900010194
1903900010207
1903900010226
1903900010245
190390001025A
1903900010264
1903900010279
1903900010283
1903900010298
1903900010315
190390001032A
1903900010334
1903900010349
1903900010353
1903900010372
1903900010391
1903900010404
1903900010423
1903900010438
1903900010442
1903900010457
1903900010461
1903900010480
1903900010495
1903900010508
1903900010512
1903900010527
1903900010531
1903900010546
1903900010550
1903900010565
190390001057A
1903900010584
1903900010599
1903900010601
1903900010620
1903900010635
190390001064A
1903900010654
1903900010669
1903900010673
1903900010688
1903900010692
1903900010705
190390001071A
1903900010739
1903900010743
1903900010758
1903900010762
1903900010777
1903900010781
1903900010809
1903900010813
1903900010828
1903900010832
1903900010847
1903900010851
1903900010866
1903900010870
1903900010885
190390001089A
1903900010902
1903900010917
1903900010921
1903900010936
1903900010940
1903900010955
190390001096A
1903900010974
1903900010989
1903900010993
1903900011008
1903900011012
1903900011027
1903900011031
1903900011046
1903900011050
1903900011065
190390001107A
1903900011084
1903900011099
1903900011101
1903900011116
1903900011120
1903900011135
190390001114A
1903900011154
1903900011169
1903900011173
1903900011188
1903900011192
1903900011205
1903900011224
1903900011239
1903900011243
1903900011258
1903900011262
1903900011277
1903900011281
1903900011309
1903900011313
1903900011328
1903900011332
1903900011347
1903900011351
1903900011370
1903900011385
190390001139A
1903900011402
1903900011417
1903900011421
1903900011436
1903900011440
1903900011455
190390001146A
1903900011474
1903900011489
1903900011493
1903900011506
1903900011510
1903900011525
190390001153A
1903900011544
1903900011559
1903900011563
1903900011578
1903900011582
190390001160A
1903900011614
1903900011629
1903900011633
1903900011648
1903900011652
1903900011667
1903900011671
1903900011686
1903900011690
1903900011703
1903900011722
1903900011737
1903900011756
1903900011760
1903900011775
190390001178A
1903900011794
1903900011807
1903900011811
1903900011826
1903900011830
1903900011845
190390001185A
1903900011879
1903900011883
1903900011898
1903900011900
1903900011915
190390001192A
1903900011934
1903900011953
1903900011968
1903900011972
1903900011987
1903900011991
1903900012006
1903900012010
1903900012025
1903900012044
1903900012063
1903900012078
1903900012082
1903900012097
190390001210A
1903900012114
1903900012129
1903900012133
1903900012152
1903900012167
1903900012186
1903900012190
1903900012203
1903900012218
1903900012222
1903900012241
1903900012256
1903900012260
1903900012275
190390001228A
1903900012294
1903900012307
1903900012345
190390001235A
1903900012364
1903900012383
1903900012398
1903900012400
1903900012453
1903900012468
1903900012472
1903900012519
1903900012523
1903900012561
1903900012576
1903900012608
1903900012612
1903900012627
190390001267A
1903900012684
1903900012716
1903900012720
1903900012754
1903900012769
1903900012805
190390001281A
1903900012843
1903900012896
1903900012909
1903900012928
1903900012932
1903900012947
1903900012951
1903900012966
1903900012970
1903900012985
190390001299A
1903900013004
1903900013019
1903900013023
1903900013038
1903900013042
1903900013061
1903900013076
1903900013080
1903900013095
1903900013108
1903900013112
1903900013127
1903900013131
1903900013146
1903900013150
1903900013165
190390001317A
1903900013184
1903900013199
1903900013201
1903900013216
1903900013220
1903900013305
190390001331A
1903900013324
1903900013339
1903900013343
1903900013358
1903900013362
1903900013377
1903900013381
1903900013396
1903900013409
1903900013413
1903900013428
1903900013432
1903900013451
1903900013466
1903900013470
1903900013485
190390001349A
1903900013502
1903900013517
1903900013521
1903900013536
1903900013540
1903900013555
190390001356A
1903900013574
1903900013589
1903900013593
1903900013606
1903900013610
190390001363A
1903900013659
1903900013663
1903900013682
1903900013697
190390001370A
1903900013714
1903900013729
1903900013733
1903900013748
1903900013767
1903900013771
1903900013803
1903900013818
1903900013822
1903900013837
1903900013860
1903900013894
1903900013907
1903900013911
1903900013930
1903900013945
190390001395A
1903900013964
1903900013979
1903900013983
1903900013998
1903900014002
1903900014017
1903900014021
1903900014036
1903900014040
1903900014055
190390001406A
1903900014074
1903900014093
1903900014106
1903900014110
1903900014125
190390001413A
1903900014144
1903900014159
1903900014163
1903900014178
1903900014182
1903900014197
190390001420A
1903900014214
1903900014229
1903900014233
1903900014248
1903900014252
1903900014267
1903900014271
1903900014286
1903900014290
1903900014303
1903900014318
1903900014322
1903900014341
1903900014356
1903900014375
190390001438A
1903900014394
1903900014407
1903900014411
1903900014426
1903900014430
190390001445A
1903900014464
1903900014479
1903900014483
1903900014498
1903900014500
1903900014515
190390001452A
1903900014534
1903900014549
1903900014553
1903900014568
1903900014572
1903900014587
1903900014591
1903900014604
1903900014619
1903900014623
1903900014638
1903900014642
1903900014657
1903900014661
1903900014676
1903900014680
1903900014695
1903900014708
1903900014712
1903900014727
1903900014731
1903900014746
1903900014750
1903900014765
190390001477A
1903900014784
1903900014799
1903900014801
1903900014816
1903900014820
1903900014835
190390001484A
1903900014854
1903900014869
1903900014873
1903900014888
1903900014892
1903900014905
190390001491A
1903900014924
1903900014939
1903900014943
1903900014958
1903900014962
1903900014977
1903900014981
1903900014996
1903900015000
1903900015015
190390001502A
1903900015034
1903900015049
1903900015053
1903900015068
1903900015072
1903900015087
1903900015091
1903900015104
1903900015119
1903900015138
1903900015142
1903900015157
1903900015161
1903900015176
1903900015180
1903900015195
1903900015208
1903900015212
1903900015227
1903900015231
1903900015246
1903900015250
190390001527A
1903900015284
1903900015299
1903900015301
1903900015335
1900600010051
1900600010066
1900600010070
1900600010085
190060001009A
1900600010102
1900600010117
1900600010174
1900600010206
1900600010244
1900600010259
1900600010278
1900600010297
190060001030A
1900600010348
1900600010352
1900600010367
1900600010386
1900600010403
1900600010422
1900600010437
1900600010460
1900600010475
1900600010507
1900600010511
1900600010526
190060001055A
1900600010564
1900600010583
1900600010598
1900600010668
1900600010672
1900600010687
1900600010719
1900600010723
1900600010757
1900600010761
1900600010776
1900600010780
1900600010795
1900600010808
1900600010827
1900600010831
1900600010850
1900600010865
190060001087A
1900600010884
1900600010901
1900600010920
1900600010935
1900600011007
1900600011030
1900600011045
190060001105A
1900600011064
1900600011083
1900600011098
1900600011115
190060001112A
1900600011149
1900600011172
1900600011187
1900600011204
1900600011219
1900600011223
1900600011238
1900600011242
1900600011257
1900600011261
1900600011276
1900600011280
1900600011295
1900600011308
1900600011312
1900600011327
1900600011331
1900600011346
1900600011350
1900600011365
190060001137A
1900600011384
1900600011399
1900600011401
1900600011416
1900600011420
1900600011435
190060001144A
1900600011454
1900600011469
1900600011473
1900600011488
1900600011492
1900600011505
190060001151A
1900600011524
1900600011539
1900600011543
1900600011558
1900600011562
1900600011577
1900600011581
1900600011609
1900600011613
1900600011628
1900600011632
1900600011647
1900600011651
1900600011666
1900600011670
1900600011685
190060001169A
1900600011702
1900600011717
1900600011721
1900600011736
1900600011740
1900600011755
190060001176A
1900600011774
1900600011789
1900600011793
1900600011806
1900600011810
1900600011825
190060001183A
1900600011844
1900600011859
1900600011863
1900600011878
1900600011882
1900600011897
190060001190A
1900600011914
1900600011929
1900600012039
1900600012043
1900600012058
1900600012062
1900600012077
1900600012081
1900600012096
1900600012109
1900600012113
1900600012128
1900600012147
1900600012185
190060001219A
1900600012202
1900600012217
1900600012221
1900600012236
190060001226A
1900600012274
1900600012289
1900600012293
1900600012310
190060001233A
1900600012344
1900600012359
1900600012363
1900600012378
1900600012429
1900600012433
1900600012467
1900600012490
1900600781948
1900600781952
1900600781967
1900600781971
1900600782132
1900601332503
1900601332518
1900601332522
1900601332537
1900601332541
1900601332556
1900602431100
1900603791986
1900603791990
1900603792005
1900603792024
1900603852611
1900603881933
190060388201A
1900603882170
1900603882382
1900603882397
1900603892626
1900603892630
1900603922560
1900603922575
190060392258A
1900900010142
1900900010212
1900900010227
1900900010231
1900900010246
1900900010250
190090001027A
1900900010320
190090001034A
1900900010354
1900900010369
1900900010373
1900900010388
1900900010392
1900900010405
190090001041A
1900900010424
1900900010439
1900900010443
1900900010458
1900900010462
1900900010477
1900900010481
1900900010496
1900900010509
1900900010513
1900900010528
1900900010532
1900900010547
1900900010617
1900900010621
1900900010636
1900900010640
1900900010655
190090001066A
1900900010674
1900900010689
1900900010693
1900900010710
1900900010725
190090001073A
1900900010744
1900900010778
1900900010782
1900900010797
190090001080A
1900900010814
1900900010829
1900900010833
1900900010848
1900900010852
1900900010867
1900900010871
1900900010886
1900900010890
1900900010903
1901000010020
190100001004A
1901000010054
1901000010069
1901000010073
1901000010088
1901000010105
1901000010124
1901000010139
1901001310158
1901001310162
1901001310177
1901800010118
1901800010122
1901800010137
1901800010141
1901800010156
1901800010211
1901800010226
1901800010230
1901800010245
190180001025A
1901800010264
1901800010279
1901800010283
1901800010315
190180001032A
1901800010334
1901800010349
1901800010372
1901800010387
1901800010391
1901800010423
1901800010438
1901800010442
1901800010457
1901800010461
1901800010476
1901800010480
1901800010512
1901800010527
1901800010531
1901800010546
1901800010550
1901800010565
190180001057A
1901800010584
1901800010599
1901800010654
1901800010669
1901800010673
1901800010688
1901800010692
1901800010705
190180001071A
1901800010762
1901800010777
1901800010781
1901800010796
1901800010809
1901800010813
1901800010847
1901800010851
1901800010866
190180001089A
1901800010917
1901800010921
1901800010936
190180025096A
1901800250989
1901800250993
1901800251008
1901801050353
1901801050368
1901801050616
1901801050620
1901801050724
1901801050832
1901801050902
1901802120495
1901802120508
1901802120601
1901802120635
190180212064A
1901802120739
1901802120743
1901802120758
1901802120828
1901802120870
1901900010011
1901900010026
190190001005A
1901900010064
1901900010079
1901900010083
1901900010098
1901900010100
1901900010115
190190001012A
1901900010134
1901900010149
1901900010153
1901900010168
1901900010172
1901900010187
1901900010191
1901900010204
1901900010219
1901900010223
1901900010238
1901900010242
1901900010257
1901900010261
1901900010280
1901900010312
1901900010327
1901900010331
1901900010350
1901900010365
190190001037A
1901900010384
1901900010399
1901900010401
1901900010416
1901900010420
1901900010435
190190001044A
1901900010454
1901900010469
1901900010473
1901900010488
1901900010492
1901900010505
190190001051A
1901900010539
1901900010543
1901900010558
1901900010562
1901900010577
1901900010581
1901900010596
1901900010609
1901900010613
1902100010043
1902100010062
1902100010077
1902100010096
1902100010151
1902100010166
1902100010185
1902100010202
1902100010221
1902100010236
1902100010240
1902100010255
1902100010274
1902100010289
1902100010293
1902100010306
190210001033A
1902100010344
1902100010363
1902100010378
1902100010382
1902100010397
190210001040A
1902100010414
1902100010429
1902100010433
1902100010448
1902100010452
1902100010467
1902100010471
1902100010486
1902100010490
1902100010503
1902100010518
1902100010522
1902100010537
1902100010556
1902100010560
1902100010575
190210001058A
1902100010594
1902100010607
1902100010611
1902100010626
1902100010630
1902100010679
1902100010683
1902100010698
1902100010700
1902100010715
190210001072A
1902100010749
1902100010753
1902100010772
1902100010787
1902100010819
1902100010823
1902100010838
1902100010895
1902100010908
1902100010927
1902100010931
1902100010950
1902100010965
190210001097A
1902100010984
1902100010999
1902100011003
1902100011022
1902100011037
1902100011041
1902100011056
1902100011060
1902100011075
190210001108A
1902100011094
1902100011107
1902100011111
1902100011130
1902100011291
1902100011304
1902100011319
1902100011323
1902100011338
1902100011342
1902100011357
1902100011361
1902100011376
1902100011395
1902100011408
1902100011412
1902100011427
1902100011431
1902100011446
1902100011450
1902100011465
190210001147A
1902100011484
1902100011499
1902100011501
1902100011516
1902100011520
1902100011535
190210001154A
1902100011554
1902100011569
1902100011573
1902100011588
1902100011592
1902100011605
190210001161A
1902100011624
1902100011639
1902100011643
1902100011658
1902100011662
1902100011681
1902100011709
1902100011713
1902100011728
1902100011751
1902600010020
1902600010035
1902600010069
1902600010073
1902600010088
1902600010092
190260001011A
1902600010124
1902600010143
1902600010158
1902600010162
1902600010177
1902600010181
1902600010196
1902600010213
1902600010228
1902600010232
1902600010251
1902600010285
190260001029A
1902600010302
1902600010317
1902600010321
1902600010336
1902600010340
1902600010355
1902600010389
1902600010393
1902600010406
1902600010425
1902600010444
1902600010459
1902600010478
1902600010482
190260001050A
1902600010533
1902600010548
1902600010552
1902600010567
1902600010586
1902600010590
1902600010603
1902600010618
1902600010641
1902600010707
1902600010730
1902600010745
1902600010779
1902600010783
1902600010798
1902600010815
1902600010849
1902600010853
1902600010872
1902600010957
1902600010961
1902600010995
1902600011014
1902600011029
1902600011033
1902600011052
1902600011067
1902600011071
1902600011086
1902600011103
1902600011122
1902600011141
1902600011160
190260001118A
1902600011194
1902600011226
1902600011230
190260001125A
1902600011264
1902600011279
1902600011283
1902600011300
1902600011315
190260001132A
1902600011334
1902600011349
1902600011353
1902600011368
1902600011372
1902600011387
1902600011391
1902600011404
1902600011419
1902600011423
1902600011438
1902600011442
1902600011457
1902600011461
1902600011476
1902600011480
1902600011495
1902600011508
1902600011512
1902600011527
1902600011531
1902600011546
1902600011565
190260001157A
1902600011584
1902600011599
1902600011601
1902600011616
1902600011620
1902600011635
190260001164A
1902600011654
1902600011688
190260001171A
1902600011743
1902600011758
1902600011762
1902600011777
1902600011781
1902600011809
1902600011813
1902600011828
1902600011832
1902600011847
1902600011851
1902600011866
1902600011870
1902600011885
190260001189A
1902600011902
1902600011921
1902600011936
1902600011940
1902600011955
190260001196A
1902600011974
1902600011989
1902600011993
1902600012008
1902600012012
1902600012027
1902600012031
1902600012046
1902600012050
190260001207A
1902600012084
1902600012099
1902600012101
1902600012116
1902600012120
1902600012135
190260001214A
1902600012154
1902600012169
1902600012173
1902600012188
1902600012192
1902600012205
1902600012224
1902600012239
1902600012243
1902600012258
1902600012262
1902600012277
1902600012296
1902600012309
1902600012313
1902600012328
1902600012332
1902600012347
1902600012366
1902600012385
190260001239A
1902600012402
1902600012417
1902600012421
1902600012436
1902600012440
1902600012455
190260001246A
1902600012474
1902600012489
1902600012493
1902600012506
1902600012510
1902600012525
190260001253A
1902600012544
1902600012559
1902600012563
1902600012578
1902600012582
1902600012597
190260001260A
1902600012614
1902600012629
1902600012633
1902600012648
1902600012652
1902600012667
1902600012671
1902600012686
1902600012690
1902600012703
1902600012718
1902600012722
1902600012737
1902600012741
1902600012756
1902600012760
1902600012775
190260001278A
1902600012794
1902600012807
1902600012811
1902600572830
1902600572845
1903100010069
1903100010073
1903100010124
1903100010139
1903100010143
1903100010158
1903100010162
1903100010177
1903100010181
1903100010196
1903100010232
1903100010247
1903100010251
1903100010270
1903100010285
190310001029A
1903100010302
1903100010317
1903100010340
190310001036A
1903100010374
1903100010389
1903100010548
1903100010571
1903100010586
1903100010590
1903100010603
1903100010618
1903100010622
1903100010637
1903100010660
190310001068A
1903100010694
1903100010707
1903100010711
1903100010726
1903100010730
1903100010745
190310001075A
1903100010764
1903100010779
1903100010783
1903100010798
1903100010800
1903100010872
1903100010919
1903100010923
1903100010938
1903100010942
1903100010957
1903100010980
1903100010995
190310001100A
1903100011014
1903100011029
1903100011033
1903100011048
1903100011052
1903100011067
1903100011071
1903100011141
1903100011156
1903100011160
1903100011175
190310001118A
1903100011194
1903100011230
1903100011245
190310001125A
1903100011264
1903100011279
1903100011315
190310001132A
1903100011334
1903100011368
1903100011372
1903100011457
1903100450088
1903100450092
1903100450105
1903100450266
1903100450321
1903100450393
1903100450533
1903100450641
1903100450656
1903100450675
1903100450815
1903100450834
1903100450887
1903100450891
1903100450904
1903100451086
1903100451090
1903100451103
1903100451118
1903100451122
1903100451211
1903100451226
1903100451283
1903100451387
1903100451442
1903102240961
1903102240976
1903102241495
1903103111508
1903103111512
1903103111527
1903103130355
1903103130406
1903103130410
1903103130425
190310313043A
1903103130444
1903103130459
1903103130463
1903103130478
1903103130482
1903103130497
1903103131137
1903103131298
1903103131300
1903103131419
1903103481531
1904500010187
1904500010191
1904500010204
1904500010219
1904500010223
1904500010280
1904500010295
1904500010308
1904500010312
1904500010346
1904502410399
190450385037A
1904503850384
1904504050350
1904504050365
1904504640401
1904504640416
1904504640420
1904504640435
1904504640473
1904600010042
1904600010057
1904600010076
1904600010095
1904600010108
1904600010127
1904600010131
1904600010146
190460001017A
1904600010184
1904600010201
1904600010216
1904600010220
1904600010235
190460001024A
190460001031A
1904600010324
1904600010339
1904600010343
1904600010362
1904600010381
1904600010413
1904600010447
1904600010466
1904600010485
190460001049A
1904600010536
1904600010540
1904600010593
1904600010610
1904600010625
1904600010663
1904600010682
190460001070A
1904600010714
1904600010752
1904600010786
1904600010822
1904600010841
1904600010856
1904600010860
1904600010875
190460001088A
1904600010894
1904600010907
1904600010926
1904600010930
1904600010945
190460001095A
1904600010979
1904600010998
1904600011002
1904600011017
1904600011021
1904600011040
1904600011055
190460001106A
1904600011074
1904600011089
1904600011093
1904600011106
1904600011110
1904600011125
190460001113A
1904600011144
1904600011159
1904600011163
1904600011178
1904600011182
1904600011197
190460001120A
1904600011214
1904600011229
1904600011233
1904600011248
1904600011252
1904600011267
1904600011271
1904600011286
1904600011290
1904600011303
1904600011318
1904600011322
1904600011341
1904600011356
1904600011375
190460001138A
1904600011394
1904600011407
1904600011426
1904600011430
1904600011445
190460001145A
1904600011464
1904600011479
1904600011483
1904600011498
1904600011500
1904600011515
190460001152A
1904600011534
1904600011549
1904600011568
1904600011572
1904600011587
1904600011591
1904600011604
1904600011619
1904600011623
1904600011638
1904600011642
1904600011657
1904600011661
1904600011676
1904600011708
1904600011712
1904600011727
1904600011731
1904600011746
1904600011750
1904600011765
190460001177A
190480001016A
1904800010189
1904800010193
1904800010210
1904800010225
190480001023A
1904800010263
1904800010282
1904800010329
1904800010333
1904800010348
1904800010390
1904800010403
1904800010422
1904800010441
1904800010475
190480001048A
1904800010494
1904800010511
1904800010526
1904800010545
190480001055A
1904800010564
1904800010579
1904800010583
1904800010600
1904800010615
190480001062A
1904800010761
1904800010808
1904800010812
1904800010827
1904800010831
1904800010865
190480001087A
1904800010899
1904800010901
1904800010916
1904800010920
1904800010935
190480001094A
1904800010969
1904800010973
1904800010988
1904800010992
1904800011007
1904800011011
1904800011030
1904800011045
190480001105A
1904800011064
1904800011100
190480001112A
1904800011134
1904800011149
1904800011153
1904800011168
1904800011172
1904800011187
1904800011191
1904800011204
1904800011219
1904800011223
1904800011238
1904800011242
1904800011257
1904800011261
1904800011276
1904800011280
1904800011295
1904800011308
1904800011312
1904800011327
1904800011331
1904800011346
1904800011350
1904800011365
190480001137A
1904800011384
1904800011399
1904800011401
1904800011416
1904800011420
1904800011435
190480001144A
1904800011454
1904800011469
1904800011473
1904800011488
1904800011492
1904800011505
190480001151A
1904800011524
1904800011539
1904800011543
1904800011558
1904800011577