220060001002A
2200600010034
2200600010087
2200600010091
2200600010104
2200600010138
2200600010142
2200600010157
2200600010161
2200600010195
2200600010208
2200600010212
2200600010250
2200600010265
2200600010320
2200600010513
2200600010585
2200600010621
2200600010636
2200600010640
220060001066A
2200600010674
2200600010689
2200600010693
2200600010710
220060001073A
2200600010744
2200600010759
2200600010778
2200600010833
220060010059A
2200600100602
2200600100617
2200600170782
2200600170797
220060017080A
2200600170814
2200600170829
2200600190227
2200600440119
2200600440123
2200600440180
2200600440354
2200600440369
2200600440373
2200600440439
2200600440528
2200601420299
2200601420301
2200601420316
2200601420462
2200601420477
2200601420481
2200601420532
2200601420547
2200601420706
2200800010058
2200800170113
2200800370128
2201100010157
2201100010161
2201100050123
2201100050227
2201100060231
2201100170176
2201100170180
2201100260142
2201100320246
2201100360265
2201100490208
2201100580320
2201100580335
220110058034A
2201100670212
2201100730250
2201103800284
2201103800299
2201104390301
2201104390316
2201400010093
2201400010106
2201400010125
2201400010182
2201400010229
2201400010248
2201400010252
2201400010267
2201400010271
2201400010286
2201400010303
2201400010318
2201400010322
2201400010337
2201400010341
2201400010360
2201400010375
220140001038A
2201400010394
2201400010411
2201400010430
2201400010445
2201400010464
2201400010479
2201400010483
2201400010498
2201400010515
2201400010549
2201400010553
2201400010568
2201400010572
2201400010587
2201400010619
2201400010623
2201400010638
2201400010642
2201400010657
2201400010712
2201400010731
2201400010750
2201400010816
2201400010835
220140001084A
2201400010869
2201400010873
2201400010888
2201400010892
220140001091A
2201400010924
2201400010958
2201400010962
2201400010981
2201400010996
2201400011053
2201400011068
2201400011087
2201400011091
2201400011119
2201400011138
2201400011142
2201400011157
2201400011180
2201400011195
2201400011212
2201400011227
2201400011231
2201400011246
2201400011250
2201400011265
220140001127A
2201400011284
2201400011299
2201400011316
2201400011354
2201400011373
2201400011388
2201400011392
2201400011405
2201400011439
2201400011443
2201400011458
2201400011481
2201400011496
2201400011509
2201400011547
2201400011551
2201400011566
2201400011570
2201400011617
2201400011621
2201400011636
2201400011655
220140001166A
2201400011674
2201400011689
2201400011693
2201400011706
2201400011710
2201400011725
220140001173A
2201400011744
2201400011759
2201400011763
2201400011778
2201400011782
2201400011797
220140001180A
2201400011829
2201400011833
2201400011848
2201400011852
2201400011867
2201400011871
2201400011886
2201400011890
2201400011903
2201400011918
2201400011922
2201400011937
2201400011941
2201400011956
2201400011960
2201400011975
220140001198A
2201400011994
2201400012009
2201400012013
2201400012028
2201400012032
2201400012047
2201400012051
2201400012066
2201400012070
2201400012085
220140001209A
2201400012102
2201400012117
2201400012121
2201400012136
2201400012140
2201400012155
220140001216A
2201400012174
2201400012189
2201400012193
2201400012206
2201400012210
2201400012225
220140001223A
2201400012244
2201400012259
2201400012263
2201400012278
2201400012282
2201400012297
220140001230A
2201400012314
2201400012329
2201400012333
2201400012348
2201400012352
2201400012367
2201400012371
2201400012390
2201400012403
2201400012418
2201400012422
2201400012437
2201400012441
2201400012456
2201400012600
2201400012668
2201400012672
2201400012687
2201400012691
2201400012704
2201400012719
2201400012723
2201400012738
2201400012742
2201400012757
2201400012761
2201400012776
2201400012780
2201400012795
2201400012808
2201400012812
2201400012827
2201400012831
2201400012846
2201400012850
2201400012865
220140001287A
2201400012899
2201400012901
2201400012916
2201400012920
220140001294A
2201400012954
2201400012969
2201400012973
2201400012988
2201400012992
2201400013007
2201400013011
2201400013026
2201400013030
2201400013045
220140001305A
2201400013172
2201400013187
2201400013191
2201400013204
2201400013219
2201400013331
2201400013346
2201400013350
2201400013365
220140001337A
2201400013384
2201400013399
2201400013401
2201400013416
2201400013420
2201400013435
220140001344A
2201400013454
2201400013469
2201400013473
2201400013488
2201400013492
2201400013505
220140001351A
2201400013524
2201400013562
2201400013577
2201400013581
2201400013596
2201400013609
2201400013628
2201400013632
2201400013647
2201400013651
2201400013666
2201400013670
2201400013789
2201400013793
2201400013806
2201400013810
2201400013825
220140001383A
2201400013844
2201400013859
2201400013882
2201400013897
220140001390A
2201400013929
2201400013933
2201400013948
2201400322460
2201400322475
220140051262A
2201400583717
2201400583721
2201400583736
2201400583740
2201400583755
220140058376A
2201400583774
2201400583878
2201400691602
2201400752634
2201400853967
2201400923064
2201400923079
2201401013238
2201401013242
2201401013257
2201401013261
2201401013276
2201401013280
2201401013685
220140101369A
2201401013914
2201401033702
2201401053083
2201401053098
2201401053100
2201401053558
2201401071462
2201401073115
2201401073539
2201401073543
2201401081335
2201401082494
2201401082511
2201401082526
2201401082579
220140108312A
2201401083134
2201401083149
2201401083153
2201401083168
2201401083312
2201401083327
2201401103223
2201401142530
2201401142545
2201401142583
2201402363971
2201402363986
2201402363990