2501200010035
250120001004A
2501200010054
2501200010069
2501200010073
2501200010088
2501200010092
2501200010105
250120001011A
2501200010124
2501200010139
2501200010162
2501200010177
2501200010181
2501200010196
2501200010228
2501200010232
2501200010247
2501200010251
2501200010266
250120001029A
2501200010302
2501200010317
2501200010321
2501200010336
2501200010340
2501200010355
250120001036A
2501200010374
2501200010389
2501200010393
2501200010406
2501200010425
2501200010745
250120001075A
2501200010891
2501200010904
2501200010919
2501200010938
2501200010976
2501200011067
2501200011245
2501200011300
2501200011353
2501200011391
2501200011404
2501200011457
2501200011461
2501200011480
2501200011495
2501200011508
2501200011512
2501200011527
2501200011531
2501200011546
2501200011550
2501200011565
2501200011584
2501200011599
2501200011601
2501200011616
2501200011620
2501200011635
250120001164A
2501200011654
2501200011669
2501200011673
2501200011688
2501200011692
2501200011705
250120001171A
2501200011724
2501200011739
2501200011743
2501200011758
2501200011762
2501200011777
2501200011781
2501200011796
2501200011809
2501200011813
2501200011828
2501200011832
2501200011851
2501200011866
2501200011870
2501200011885
250120001189A
2501200011902
2501200011917
2501200011921
2501200011936
2501200011940
2501200011955
2501200011989
2501200011993
2501200012012
2501200012027
2501200012031
2501200012046
2501200012050
2501200012065
2501200012084
2501200012099
2501200012101
2501200012135
250120001214A
2501200012154
2501200012169
2501200012173
2501200012188
2501200012192
2501200012205
250120001221A
2501200012224
2501200012239
2501200012258
2501200012262
2501200012277
2501200012281
2501200012296
2501200012309
2501200012313
2501200012328
2501200012332
2501200012347
2501200012351
250120001239A
2501200012417
2501200012421
2501200012436
2501200012440
2501200012506
2501200012510
250120001253A
2501200012544
2501200012559
2501200012563
2501200012578
2501200012582
2501200012597
250120001260A
2501200012633
2501200012648
2501200012652
2501200012667
2501200012671
2501200012686
2501200012690
2501200012703
2501200012718
2501200012722
2501200012737
2501200012807
2501200012811
2501200012830
2501200012845
250120001285A
2501200012864
2501200012879
2501200012883
2501200012898
2501200012900
250120001292A
2501200012934
2501200012949
2501200012953
2501200012968
2501200012972
2501200012987
2501200012991
2501200013025
250120001303A
2501200013059
2501200013063
2501200013097
250120001310A
2501200013114
2501200013129
2501200013133
2501200013148
2501200013152
2501200013171
2501200013186
2501200013190
2501200013218
2501200013222
2501200013275
250120001328A
2501200013294
2501200013307
2501200013311
250120001335A
2501200013364
2501200013379
2501200013383
2501200013415
250120001342A
2501200013449
2501200013453
250120304125A
2501203041264
2501203042366
2501203042370
2501203480459
2501203481052
2501203481279
2501203481283
2501203481298
2501203481423
2501203481847
2501203482756
2501203482760
2501203482775
2501203483237
2501203483241
2501203483256
2501203483260
2501207611438
2501207611442
2501207612116
2501207612826
2501212573006
2501212573010
2501212573434
2500600010019
2500600010038
2500600010057
2500600010061
2500600010095
2500600010108
2500600010127
2500600010131
250060001017A
2500600010184
2500600010220
2500600010288
2500600010292
2500600010305
250060001031A
2500600010324
2500600010381
2500600010413
2500600010451
2500600011568
2500600011572
2500600011591
2500600011604
2500600011619
2500600011746
2500600011765
2500600011820
250060001184A
2500600011869
2500600011892
2500600011924
2500600011939
2500600011958
2500600011962
2500600012000
2500600012015
250060001202A
2500600012049
2500600012053
2500600012068
2500600012091
2500600012265
2500600012299
2500600012301
2500600012316
2500600012320
2500600012335
250060001234A
2500600012354
2500600013032
2500600013047
2500600013051
2500600013066
2500600013136
2500600013140
2500600013155
250060001316A
250060001323A
2500600013263
2500600013278
2500600013282
2500600013297
250060001330A
2500600013314
2500600013329
2500600013333
2500600013348
2500600013352
2500600013367
2500600013371
2500600013386
2500600013390
2500600013403
2500600013418
2500600013422
2500600013437
2500600013441
2500600013456
2500600013460
2500600013475
250060001348A
2500600013494
2500600013507
2500600013511
2500600013526
2500600013530
2500600013545
250060001355A
2500600013564
2500600013579
2500600013583
2500600013598
2500600013600
2500600013615
250060001362A
2500600013634
2500600013649
2500600013653
2500600013668
2500600013672
2500600013687
2500600013691
2500600013704
2500600013719
2500600013723
2500600013738
2500600013742
2500600013757
2500600013761
2500600013776
2500600013780
2500600013795
2500600013808
2500600013812
2500600013827
2500600013831
2500600013846
2500600013865
250060001387A
2500600013884
2500600013899
2500600013901
2500600013916
2500600013920
2500600013935
250060001394A
2500600013954
2500600013969
2500600013973
2500600013988
2500600013992
2500600014007
2500600014011
2500600014026
2500600014045
250060001405A
2500600014064
2500600014098
2500600014100
2500600014115
250060001412A
2500600014134
2500600014149
2500600014223
2500600014238
2500600014276
2500600014280
2500600014308
2500600014312
2500600014327
2500600014331
2500600014346
2500600014350
2500600014365
250060001437A
2500600014384
2500600014399
2500600014401
2500600014416
2500600014420
2500600014435
2500600014469
2500600014577
2500600014581
2500600014596
2500600014613
2500600014628
2500600014632
2500600014647
2500600014651
2500600014670
2500600014685
2500600014717
2500600014721
2500600014736
2500600014740
2500600014755
250060001476A
2500600014774
2500600014789
2500600014793
2500600014844
2500600014859
2500600014863
2500600014878
2500600014882
2500600014897
2500600014914
2500600014948
2500600015109
2500600015113
2500600015132
2500600015151
2500600015170
2500600015185
250060001519A
2500600015240
250060001526A
2500600015274
2500600015289
2500600015293
2500600015306
2500600015310
2500600015452
2500600015467
2500600015471
2500600015490
2500600015503
2500600015518
2500600015522
2500600015537
2500600015541
2500600015556
2500600015560
2500600015575
250060001558A
2500600015594
2500600015607
2500600015611
2500600015626
2500600015630
2500600015645
250060001565A
2500600015664
2500600015679
2500600015683
2500600015698
2500600015700
2500600015715
2500600015791
2500600015804
2500600015838
2500600015876
2500600015880
2500600015895
2500600015912
2500600015946
2500600015965
250060001597A
2500600016003
2500600016018
2500600016022
2500600016145
250060001615A
2500600016272
2500600016287
2500600016291
2500600016304
2500600016319
2500600016323
2500600016338
2500600016342
2500600016357
2500600016361
2500600016376
2500600016380
2500600016395
2500600016408
2500600016412
2500600016427
2500600016431
2500600016446
2500600016465
250060001647A
2500600016484
2500600016499
2500600016501
2500600016516
2500600016520
2500600016554
2500600016569
2500600016573
2500600016588
2500600016592
2500600016605
250060001661A
2500600016624
2500600016639
2500600016658
2500600016662
2500600016677
2500600016681
2500600016696
2500600016709
2500600016713
2500600016751
2500600016766
2500600016770
2500600016785
250060001679A
2500600016802
2500600016821
2500600016836
2500600016840
2500600016855
250060001686A
2500600016874
2500600016889
2500600016893
2500600016906
2500600016910
2500600016925
250060001693A
2500600016944
2500600016959
2500600016963
2500600016978
2500600016982
2500600016997
2500600017001
2500600017016
2500600017020
2500600017069
2500600017073
2500600017088
2500600017092
2500600017105
250060001711A
2500600017143
2500600017158
2500600017177
2500600017181
2500600017196
2500600017209
2500600017213
2500600017228
2500600017232
2500600017247
2500600017251
2500600017266
2500600017270
2500600017285
250060001729A
2500600017302
2500600017317
2500600017321
2500600017340
250060001736A
2500600017374
2500600017389
2500600017393
2500600017410
2500600017425
250060001743A
2500600017444
2500600017459
2500600017463
2500600017478
2500600017514
2500600017529
2500600017590
2500600017603
2500603120485
250060312049A
2500603120502
2500603122138
2500603122142
2500603122176
2500603123259
2500603124153
2500603124168
2500603124543
2500603124558
2500603124562
2500603124967
2500603124986
2500603125344
2500603125363
2500603125378
250060312572A
2500603125734
2500603126164
2500603126179
2500603126198
250060312704A
2500603127054
2500603212208
2500603214172
2500603214187
2500603215823
2500603217355
2500603410521
2500603412180
2500603413193
2500603414242
2500603414257
2500603414990
2500603415382
2500603416094
2500603416215
250060341622A
2500603416234
2500603417482
2500604385414
2500604385749
2500604385753
2500604435768
2500604435772
2500605914191
2500605914204
2500605914219
2500605915039
2500605917497
2500607460589
2500607462212
250060746444A
2500607466249
2500611943085
250061194309A
2500613463070
2500613463102
2500613463206
2500613464454
2500613464492
2500613464505
2500613465058
2500613465448
2500613466126
2500613466130
2500613466268
2500613606732