2402800010172
2402800010187
2402800010191
2402800010223
2402800010238
2402800010242
2402800010257
2402800010261
2402800010276
2402800010280
2402800010312
2402800010350
2402800010365
240280001037A
2402800010399
2402800010420
240280001044A
2402800010454
2402800010469
2402800010473
2402800010488
2402800010505
2402800010539
2402800010543
2402800010558
2402800010562
2402800010581
2402800010609
2402800010717
2402800010740
2402800010755
2402800010793
2402800010844
2402800010859
2402800010863
2402800010878
2402800010929
2402800010933
2402800010952
2402800011077
2402800011096
2402800011113
240280001126A
2402800011293
2402800011344
2402800011359
2402800011414
2402800011433
2402800011471
2402800011486
2402800011518
2402800011537
2402800011541
2402800011556
240280001158A
2402800011594
2402800011645
2402800011715
240280001172A
2402800011749
2402800011753
2402800011772
2402800011787
2402800011804
2402800011842
2402800011880
2402800011895
2402800011908
2402800011912
2402800011927
2402800011946
2402800011950
2402800011965
240280001197A
2402800011984
2402800011999
2402800012003
2402800012018
2402800012022
2402800012037
2402800012041
2402800012056
2402800012060
2402800012075
240280001208A
2402800012094
2402800012107
2402800012111
2402800012145
240280001215A
2402800012164
2402800012179
2402800012183
2402800012198
2402800012200
2402800012215
240280001222A
2402800012234
2402800012249
2402800012253
2402800012268
2402800012272
2402800012287
2402800012291
2402800012304
2402800012319
2402800012323
2402800012338
2402800012342
2402800012357
2402800012376
2402800012380
2402800012395
2402800012408
2402800012412
2402800012427
2402800012431
2402800012446
2402800012450
240280001247A
2402800012484
2402800012499
2402800012535
240280001254A
2402800012588
2402800012592
2402800012605
240280001261A
2402800012624
2402800012643
2402800012658
2402800012662
2402800012677
2402800012681
2402800012696
2402800012709
240280001279A
2402800012817
2402800012821
2402800012855
240280001286A
2402800012889
2402800012893
2402800012906
2402800012910
2402800012925
240280001293A
2402800012944
2402800012959
2402800012963
2402800012982
2402800012997
2402800013001
2402800013020
2402800013035
240280001304A
2402800013054
2402800013069
2402800013073
2402800013088
2402800013092
2402800013105
240280001311A
2402800013124
2402800013139
2402800013143
2402800013158
2402800013177
2402800013181
2402800013196
2402800013213
2402800013228
2402800013232
2402800013247
2402800013251
2402800013266
240280001329A
2402800013302
2402800013336
2402800013355
240280001336A
2402800013374
2402800013406
2402800013410
240280001343A
2402800013444
2402800013459
2402800013463
2402800013478
2402800013482
2402800013497
240280001350A
2402800013514
2402800013529
2402800013533
2402800013548
2402800013552
2402800013567
2402800013571
2402800013586
2402800013603
2402800013618
2402800013622
2402800013637
2402800013641
2402800013656
2402800013660
2402800013675
2402800013694
2402800013707
2402800013711
2402800013726
2402800013730
2402800013745
240280001375A
2402800013783
2402800013798
2402800013800
2402800013815
240280001382A
2402800013834
2402800013849
2402800013853
2402800013868
2402800013872
2402800013887
2402800013891
2402800013923
2402800013942
240280001400A
2402800014071
2402800014090
2402800014103
2402800014118
2402800014141
2402800014156
2402800014160
2402800014175
2402800014194
2402800014226
2402800014264
2402800014283
2402800014298
2402800014300
2402800014315
240280001432A
2402800014334
2402800014368
2402800014372
2402800014419
2402800014423
2402800014438
2402800014442
2402800014461
2402800014480
2402800014495
2402800014546
2402800014550
2402800014565
240280001457A
2402800014601
2402800014616
2402800014781
2402800014809
240280239425A
2402802522751
2402802522766
2402802522770
2402802523938
2402802642728
2402802642732
2402802642747
2402802643340
2402802644885
2403500010247
2403500010321
2403500010336
2403500010340
2403500010355
2403500010425
240350001043A
2403500010444
2403500010459
2403500010463
2403500010478
2403500010482
240350001050A
2403500010514
2403500010529
2403500010533
2403500010552
2403500010567
2403500010571
2403500010590
2403500010603
2403500010618
2403500010622
2403500010637
2403500010641
2403500010656
2403500010660
2403500010675
240350001068A
2403500010694
2403500010707
2403500010726
2403500010745
2403500010764
2403500010779
2403500010783
2403500010798
2403500010800
2403500010815
2403500010834
2403500010849
2403500010853
2403500010868
2403500010872
2403500010887
2403500010891
2403500010904
2403500010919
2403500010923
2403500010942
2403500010957
2403500010961
2403500010976
2403500010980
2403500010995
240350001100A
2403500011014
2403500011029
2403500011033
2403500011048
2403500011052
2403500011067
2403500011071
2403500011086
2403500011090
2403500011103
2403500011118
2403500011122
2403500011137
2403500011141
2403500011156
2403500011160
2403500011175
240350001118A
2403500011194
2403500011207
2403500011226
2403500011245
240350001125A
2403500011264
2403500011279
2403500011283
2403500011298
2403500011300
2403500011315
240350001132A
2403500011334
2403500011368
2403500261211
2403500261387