2603000010095
260300001017A
2603000010220
260300001024A
2603000010254
2603000010269
2603000010343
2603000010377
2603000010381
2603000010409
2603000011746
2603000011750
260300001177A
2603000011799
2603000011835
260300001184A
2603000011854
2603000011869
2603000011873
2603000011888
2603000011905
260300001191A
2603000011924
2603000011939
2603000011943
2603000011958
2603000011996
2603000012000
2603000012015
260300001202A
2603000012049
2603000012068
2603000012072
2603000012087
2603000012091
2603000012195
2603000012208
2603000012246
2603000012250
2603000012265
2603000012299
2603000012335
260300001234A
2603000012354
2603000012373
2603000012388
2603000012405
2603000012443
2603000012458
2603000012462
2603000012477
2603000012481
2603000012509
2603000012513
2603000012528
2603000012532
2603000012547
2603000012551
2603000012585
2603000012602
2603000012617
2603000012621
2603000012636
2603000012640
2603000012655
2603000012706
2603000012710
260300001273A
2603000012744
2603000012763
2603000012778
2603000012886
2603000012890
2603000012903
2603000012918
2603000012922
2603000012937
2603000012941
2603000012956
2603000012960
2603000012975
260300001298A
2603000012994
2603000013009
2603000013013
2603000013028
2603000013032
2603000013047
2603000013051
2603000013066
2603000013070
2603000013085
2603000013225
260300001323A
2603000013244
2603000013259
2603000013263
2603000013278
2603000013282
2603000013297
260300001330A
2603000013314
2603000013329
2603000013333
2603000013348
2603000013352
2603000013367
2603000013371
2603000013386
2603000013390
2603000013418
2603000013422
2603000013437
2603000013441
2603000013456
2603000013460
260300001483A
2603000014844
2603000014859
2603000014863
2603000014878
260300001490A
2603000014914
2603000014929
2603000014933
2603000014948
2603000014952
2603000014967
2603000014971
2603000014986
2603000014990
2603000015005
2603000015039
2603000015043
2603000015058
2603000015062
2603000015077
2603000015081
2603000015096
2603000015109
2603000015113
2603000015128
2603000015132
2603000015151
2603000015166
2603000015170
2603000015185
260300001519A
2603000015202
2603000015217
2603000015221
2603000015236
2603000015240
2603000015255
260300001526A
2603000015274
2603000015289
2603000015293
2603000015306
2603000015310
2603000015325
260300001533A
2603000015344
2603000015359
2603000015363
2603000015378
2603000015382
2603000015397
260300001540A
2603000015414
2603000015429
2603000015433
2603000015448
2603000015452
2603000015467
2603000015471
2603000015486
2603000015490
2603000015503
2603000015518
2603000015522
2603000015537
2603000015560
2603000015575
260300001558A
2603000015594
2603000015607
2603000015611
2603000015626
2603000015630
2603000015645
260300001565A
2603000015664
2603000015679
2603000015683
2603000015698
2603000015700
2603000015715
260300001572A
2603000015734
2603000015749
2603000015753
2603000015768
2603000015772
2603000015823
2603000015838
2603000015842
2603000015857
2603000015861
2603000015876
2603000015880
2603000015895
2603000015908
2603000015912
2603000015927
2603000015965
260300001597A
2603000015984
2603000015999
2603000016003
2603000016018
2603000016022
2603000016037
2603000016041
2603000016056
2603000016060
2603000016075
260300001608A
2603000016107
2603000016111
2603000016126
2603000016130
2603000016145
260300001615A
2603000016164
2603000016179
2603000016183
2603000016198
2603000016200
2603000016215
260300001622A
2603000016234
2603000016304
2603000016319
2603000016323
2603000016338
2603000016357
2603000016361
2603000016376
2603000016380
2603000016395
2603000016412
2603000016427
2603000016431
2603000016446
2603000016450
2603000016465
260300001647A
2603000016624
2603000016639
2603000016643
2603000016658
2603000016662
2603000016677
2603000016681
2603000016696
2603000016709
2603000016713
2603000016728
2603000016732
2603000016747
2603000016751
2603000016766
2603000016770
2603000016802
2603000016817
2603000016836
2603000016840
2603000016855
2603000016874
2603000016889
2603000016893
2603000016906
2603000016910
2603000016925
260300001693A
2603000016944
2603000016959
2603000016963
2603000016978
2603000016982
2603000016997
2603000017001
2603000017016
2603000017020
2603000017035
260300001704A
2603000017054
2603000017069
2603000017073
2603000017088
2603000017092
2603000017105
260300001711A
2603000017124
2603000017143
2603000017158
2603000017162
2603000017177
2603000017181
2603000017196
2603000017209
2603000017213
2603000017228
2603000017232
2603000017247
2603000017251
2603000017266
2603000017270
2603000017285
260300001729A
2603000017302
2603000017317
2603000017336
2603000017340
2603000017355
2603000017389
2603000017393
2603000017406
2603000017425
260300001743A
2603000017444
2603000017459
2603000017463
2603000017478
2603000017497
260300001750A
2603000017514
2603000017529
2603000017552
2603000017567
2603000017571
2603000017586
2603000017603
2603000017637
2603000017641
2603000017656
2603000017660
2603000017675
260300001768A
2603000017694
2603000017707
2603000017711
2603000017726
2603000017798
2603000017800
2603000017815
260300001782A
2603000017834
2603000017853
2603000017868
2603000017887
2603000017904
2603000017923
2603000017938
2603000017957
2603000017976
2603000017980
2603000017995
260300001800A
2603000018014
2603000018029
2603000018033
2603000018052
2603000018067
2603000018071
2603000018090
2603000018122
2603000018137
2603000018141
2603000018230
260300001825A
2603000018264
2603000018279
2603000018283
2603000018300
2603000018315
2603000018391
2603000018404
2603000018419
2603000018423
2603000018438
2603000018442
2603000018457
2603000018461
2603000018476
2603000018508
2603000018531
2603000018546
2603000018550
2603000018601
260300001864A
2603000018654
2603000018673
2603000018688
2603000018739
2603000018758
2603000018866
2603000018870
2603000018885
260300001889A
2603000018917
2603000018921
2603000018940
2603000018955
260300001896A
2603000018974
2603000018993
2603001370061
2603001373140
2603001373155
260300137316A
2603001373174
2603001373189
2603001373193
2603001373206
2603001373210
2603001375024
2603001376287
2603001376291
2603001376499
2603001376605
2603001378762
2603001378777
2603001378781
2603001378796
2603003433102
2603003433117
2603003433121
2603003433136
2603003434882
2603003434897
2603003435541
2603003435556
2603003435787
2603003435804
2603003435819
2603003435931
2603003435946
2603003436249
2603003436253
2603003436268
2603003436501
2603003436516
2603003436535
260300343654A
2603003436554
2603003436569
2603003436588
2603003437533
2603003437730
260300343775A
2603003438156
2603003438160
2603003438175
260300343818A
2603003438194
2603003438207
2603003438565
2603003438813
2603003438828
2603005357764
2603005357779
2603005357783
260300535857A
2603005358584
2603005358599
2603005358832
2603005358851